catalogue "generate.go with seed 204"
title "Random #204"
by "Michael Terry"
copyright "© 2015 Michael Terry"
license CC-BY-SA-4.0
height 20
width 20

rows
1,1,2,1,1
2,2,1,6,1
2,1,1,1,1,1
2,1,3,1,2,2
3,2,5,1
1,1,1,3,1
1,4,2,3,1
1,1,2,2,3,1
2,1,1,1,5
1,1,1,3,1,1
1,2,2,4,3,1
3,3,1,1,1,3
1,1,1,2
1,9
1,1,1,1,1
3,1,1,1,1,1
1,3,1,1,1,1,1
1,1,3,1
2,1,1,1,3
2,4,1,1,3,1

columns
7,2,4
4,1,1,1,2
5,2,3,1
1,1,2,1,1
1,2,2,1,1,1
2,2,1,1,1
1,1,2,2
1,3,1,1,1,1,1,1
1,2,2,5,4
1,1,1,2,1,1
1,1,3,2,2
1,5,3,1,1
2,5,2,1,1
1,3,1,2,1,1
4,2,1,1,1,1
2,1,1,2,1,1,2
1,1,1,1,2,2
2,2,2,2,1
1,4,1,1
2,1,1,1,1

goal "0000010101100001001011001100100111111001110000010100101000011101001110010110110011100001100111110100101010000001110000011011110110111000100010100110110111000100011010000010100111111000100101110010001010110110111101110010011100111001010101110000100010001000110000010000111111111000000010001010000001011110010100001010010010111000100101010010101000011100001000001100001010100001110001100111101010111010"
