catalogue "generate.go with seed 275"
title "Random #275"
by "Michael Terry"
copyright "© 2015 Michael Terry"
license CC-BY-SA-4.0
height 20
width 20

rows
2,1,1,1,3,2
1,1,3,2,1,2
2,1,1,1,3,2
2,5,1,2,1,1,1
3,1,1,1,1
1,2,2,7
1,3,1,2,2,1
1,1,3,2,2,1
1,1,1,5
2,1,2,1,2
2,2,1,2,2
1,6,1,1,1
4,1,2,2,4
1,3,1,1,2
5,2,1,1
4,2,1,1
2,1,1,1
1,3,2,3,3
2,1,2,2,1,1,1
1,1,3,1,1,1,1

columns
1,1,5,1,1
1,1,1,2,4,2
1,1,3,2
3,1,2,1,4
1,2,1,2,2,1,1
1,1,2,4,3
5,1,2,1,1
2,2,2,1,1,1
1,1,2,1,2,1,1
1,1,2,2,3
2,1,1,1,1,1
2,2,4,2,1,1
1,2,1,1,1,2
3,4,1,1,2
7,1,1,1,1
1,1,1,1,2
1,5,1,1,1
3,2,5,1,3
2,2,2,2,1
1,1,1,1,4

goal "0110100101011101100010010111001101000110000110101010111001101101111101011010010100000011100100101010000101100110111111100000010111010110110101001011101101101000100000000101011111001101000011010000011011011010000001100110100011111101000001011111010011011001111001001110010001000011011111011000001001001111000000110000100100110000000010000101010111000011011101110110010110001101010110101110001010101000"
