catalogue "generate.go with seed 248"
title "Random #248"
by "Michael Terry"
copyright "© 2015 Michael Terry"
license CC-BY-SA-4.0
height 20
width 20

rows
3,2,5,2,3
2,2,2
3,1,2,1,2
1,3,1,3
1,2,3,2,2
1,4,1,1,1,1
2,1,4,1,1,1
4,2,6,1
2,1,1,1,3
1,1,2,1,2,5,1
2,2,4,2
1,1,1,1,4
1,2,2,1,3,1
1,1,3,1,1,5,1
3,1,1,4,1
3,1,3,2,3,1
1,2,1,1,1,3
2,2,1,1,1,1,1
3,2,1,1,6
4,1,1,1,3

columns
1,3,2,1,3
1,3,1,2,3
2,4,2,4,2
2,2,1,1,1,1
2,1,1,3,1,2
1,1,3,2,3,1,1
1,2,1,2,1,3
2,3,2,1,2,1
2,1,1,3,2,1
2,4,1
1,1,1,1,1,3,2
1,1,2,2,1
1,3,4,2
1,1,3,3,2
1,1,1,1,5,2,1
1,2,7,1,1
5,2,1,2
1,2,3,1,4
6,1,1,2,2
2,2,2,2,1,1

goal "1110011011111011011100110000110000000011000111010011001001100000100111000100011100100110011100110011001011110101000100100110010111101000100111110011000011111101110101000000100111001010110101100111110100110011000001111011010010101000111100001000110110001011100110101110101011111010011101010011110001001110101110110111001000100110100010101110110110100010100001011110110100100111111011110000100101001110"
