catalogue "generate.go with seed 273"
title "Random #273"
by "Michael Terry"
copyright "© 2015 Michael Terry"
license CC-BY-SA-4.0
height 20
width 20

rows
1,3,1,4,5
1,1,1,2,1,1,1,1
2,2,1,4,1
3,2,1,1,2,2
2,1,1,3,2,2
2,1,1,7,1
3,1,1,1,1,1,1
1,1,1,7
5,2,2,1,2
2,1,1,1,1
1,1,1,1,3,1
1,1,1,3,2
1,4,3,2,1
1,1,2,1,1,1
4,1,3,1,2,1
4,1,3,3,1
2,9,4
1,1,1,2,1,2
1,3,3,3,2
1,3,1,1,1

columns
2,1,1,4,3,1,2
5,2,3
1,3,3,1,2,1
1,1,1,4,2
2,2,1,2,1,3
1,1,1,1,1,1
2,1,2,1,1,2
1,1,5,1
3,1,1,5,1,1,1
2,1,1,1,3,2
1,5,2,3
2,1,1,4,2
1,4,2,3
1,2,1,3,4
2,4,2,2
1,2,1,4,2,1
1,2,3,1,1
2,1,2,2,3
1,3,2,1,5
2,3,1,2,1,1

goal "1011101011110001111110001010110100100101011000011010011110101110110000101001101101101010111001100011110001010011111110010111001010101010100010100010000011111110111110001101100100111100000010100001010010000000101010011101000010101000111000111011110111000110010010010011000101000100111101011101001100100111100101110111001011000111111111001111000010100010110101101011100111011100011010011100010100000001"
