catalogue "generate.go with seed 296"
title "Random #296"
by "Michael Terry"
copyright "© 2015 Michael Terry"
license CC-BY-SA-4.0
height 20
width 20

rows
2,1,2,4,1
1,2,1,2,2
1,1,3,1,2,3
2,2,5,5
1,2,5,3
1,3,3,2,2
3,1,5,1
1,1,1,3,2,1
2,3,3,4,1
1,1,1,2,1,1
1,1,1,2,3,1
3,1,1,1,1,2,1
1,1,1,2,7,1
1,2,1,2,1
3,2,1,1,2
5,2,3,1
3,2,2,1,1
2,1,1,1,3,1,1
1,1,3,1,2,1
4,2,1,6

columns
1,4,1,3,3
2,1,1,1,1
1,7,2,1
1,2,1,4,1
7,1,2,3
4,1,1,1,2
1,3,2,1,2
3,1,2,1,1
1,4,1,1,1,1
1,3,2,3,3
4,2,1,1,2
5,6,2
1,1,2,2,1,3,1
2,1,1,2,1
2,2,3,5,3
1,3,5,2,2,1
3,1,1,2,2
2,1,1,2,3
1,1,1,3,1
2,1,2,1,5

goal "1100100011001111000101011000001001100011101011101011000111001100110011111011111010001101111100111000100111011101100001100011100100011111000110100010111000110100001101110111011110010010101000011001000100100100010110111010111010010101011000101010101101111111001010000110000100110001001110011010001011000011111000011001110100011101100110010001110100100100111001011000001011100010110111110000011010111111"
