catalogue "generate.go with seed 223"
title "Random #223"
by "Michael Terry"
copyright "© 2015 Michael Terry"
license CC-BY-SA-4.0
height 20
width 20

rows
2,2,1,4
1,2,2,1,2,3
1,1,2,1,2
3,2,2,1,2
1,3,1,1,2
1,2,2,1
1,1,2,2,2,1
2,6,2,3
1,2,4,2,1
2,1,3,2,1,1
1,1,4,1,1,1
1,1,1,2,1,1
1,4,1,2,1,1
9,1,1,1,2
3,3,4,1,2
1,2,1,5
1,2,2,5,1,4
1,2,1,1,2
5,1,1,1,1
6,1,3,2,3

columns
2,2,1,3,4
1,2,3,3,2
1,2,1,3,1,2
2,2,1,2,3,2,2
1,1,1,1,2,1,2
1,3,4,1,1
1,6,2,1
2,1,2,1,4,3
3,1,1,1,2
1,5,1,1
1,1,2,4,2,2,1
1,2,4,3,1
2,1,5,1
1,4,2,1
2,1,3,1
1,1,3,1,1,2
1,1,1,2,1
2,1,1,1,2,1,1
5,1,1,1,2,1
2,1,3,2,1,4

goal "0001101100010001111010110001101011000111100010001100100000110111000110110001011010111000010100000011100001100110000001000101001101100001100101101111110000110111000101100111101100011101011100110100001001000010111101001001010101000011010000011011110100001101010011111111101010101100111001110011110010110101100100011111000010110110111110101111100000011010001000111111100100000101000111111101001110110111"
