catalogue "generate.go with seed 234"
title "Random #234"
by "Michael Terry"
copyright "© 2015 Michael Terry"
license CC-BY-SA-4.0
height 20
width 20

rows
1,1,2,1
3,5,3,2
2,3,2,1
2,1,1,3,1,1
1,2,1,1,6,2
2,3,2,1,1,1
5,1,1,1,1,3
4,1,3,3
2,1,1,2,1,2
3,1,3,3,4
2,1,2,1,1,1
1,2,2,2,2,1,3
2,3,2,1,1
1,1,2,1,1,3
1,3,2,1,1,2,1
3,1,2,1,2,2
2,2,3,1,1,1
2,1,2,3,2
1,1,1,1,2,1,1
1,2,3,1

columns
5,3,6,2
3,4,1,3
1,2,3,1,1
4,4,1,1
2,3,1,3,1
2,4,2,2
3,1,2,1,1
1,3,2,3
2,1,5,5
2,1,2,2,1
1,1,2
3,3,2,2
3,2,1,1,1,1
4,1,1,6
1,1,2,2,1,3
4,1,2,1,1,1
2,2,1,1,1,2
1,2,1,4
1,1,4,1,1,1,1
2,4,1,2,3,3

goal "1000000010000000110111101111100000111011110011100000110100001100001001011101000110011001010111111011000110111011010010011111100101001001011111110010000011101110110010101100001000110111010111011101111000110101100100010001101101101101101001111101110011000010010010001000001101010111100111011001010011011110010110100110001111011011101001010000011001001100111000111000010010010110100110000000000110111001"
