catalogue "generate.go with seed 278"
title "Random #278"
by "Michael Terry"
copyright "© 2015 Michael Terry"
license CC-BY-SA-4.0
height 20
width 20

rows
2,1,1,2,1,1,1
2,2,2,2,2
2,1,3,1,1,3
1,2,2,2,3,2
1,2,1,1,1
1,1,1,3,1,2
2,1,1,2,5,2
2,1,7,3
1,6,4,1
1,1,1,1,4
2,1,2,3,1,3
1,3,1,4,1,1
1,1,2,3,1,1
3,1,1,1,1,5
1,1,1,1,2,4
3,2,1,1,1
1,1,1,6,3
1,1,1,1,5,4
2,1,2,1,1
3,1,2,6

columns
4,1,1,1,1
3,2,1,2,1,1
3,1,2,7
1,1,3,2,1
1,1,1,1,2,2,1,1
1,1,3,1,1
1,8,3
1,1,2,1,1
1,2,2,4
1,3,1,1,1
5,1,1,2,2,1
1,3,6,1,2,1
1,1,2,1,2,5
2,4,2,1,1,4
3,1,7,1,1
1,4,1,7
1,1,4,2,1,1
3,2,1,1,2,4
3,3,1,1,3,1
1,1,2,1,1

goal "0011000010101101010101101100001101100110011000101110101011100100110110110111001100010000001101010100000010010101110101101101010011001111101111010111111100000111101111110001111010001000001001010111100001101011001110101110101110100001111010010101011001110010001011101010101001111100001010101001101111001110000110001001001000100100101111110111101010100111110111100110001000001101010000111010001101111110"
