catalogue "generate.go with seed 240"
title "Random #240"
by "Michael Terry"
copyright "© 2015 Michael Terry"
license CC-BY-SA-4.0
height 20
width 20

rows
1,2,1,1,2,2
3,1,1,1,9
4,4,5
1,4,9
2,3,1,1,2
2,8,1,1,1
1,1,2,2,1,3
2,1,2,3,1
1,1,2,2,2,1
1,1,2,1,2
1,3,3,1,3,1
3,1,2,2,2
1,2,1,2,2,1
1,1,2,2,1
1,1,1,1,1,1,1,3
2,1,1,1,1,1,3
6,4,2
4,4,3
4,1,1,2,3,2
4,1,2,2,1,2

columns
2,2,2,1,2
1,2,2,2,1,2
1,1,1,2,1,2
1,2,1,1,5
3,1,1,3,1,2
1,2,2,1,2,1
5,1,2,3
1,5,1,1,2,1
5,1,1,2,1,2
3,1,4,1,1,1
4,1,4,1,3
3,1,1,2,5
1,1,1,1,2,2
1,1,2,2,2,1
2,1,1,1,1,1,1
5,3,3,2,1
3,1,1,3,1,1
4,1,2,4
5,2,1,1,2,3
3,2,1,1,3,3

goal "1000110101000011001111101010010111111111000111101111000111110010011110111111111011000011101000010110110011111111001010010010010110001101011100011001001101110010010101101100000110010100000101100010011010111000111001011101111010000110110110000101100100110001101010000010110110000001010010101010100101110011000101010101011100011111100111101100000111100111100001111111001010110011101111110101101101000011"
