catalogue "generate.go with seed 236"
title "Random #236"
by "Michael Terry"
copyright "© 2015 Michael Terry"
license CC-BY-SA-4.0
height 20
width 20

rows
1,1,1,1,2,3
2,1,3,3,1
3,3,1,2,1,2
1,3,1,1,2,1,1
1,2,4,2,1,2
1,1,2,2,1,2
1,1,3,2,1,2,1
1,3,2,1,4
1,1,2,1,2,1,3
1,2,2,2,2
4,1,1,8
1,2,2,2,1,1
1,2,1,1,2,2
1,2,3,1,1
2,2,3,1
3,1,1,2,1,2
1,3,1,7
4,2,2,1,1,1,2
1,1,2,2,3
1,2,1,2,4,1,1

columns
4,1,1,2,3
2,2,1,8
1,2,1,1,1,1,1
2,3,1,1
5,1,4,1,1
1,3,3,2,1
8,2
1,3,1,1,1,1
1,2,4,1,2,2
3,2,1,1,1,6
2,1,1,2,1
1,1,3,2
1,2,1,1,1,6
4,1,1,1,1,1,1
2,1,6,2,1
3,1,3,1,1
2,2,1,1,5
1,4,3,1,1
1,1,2,4,1,1,2
5,1,4,1,1,1

goal "1010000001001011011111001001110001110001111011100100110100111011101010001100100101011011110001101011010010110110100001101010001110110100110101001110110010011110100101101011001001110001011011000011001101111001001011111111010011001100001101010100110100100110011001001100111000101000110000001101110100001110100001011000101101000111010111111100111101100110101010111000100011011000111010110101100111101001"
