catalogue "generate.go with seed 218"
title "Random #218"
by "Michael Terry"
copyright "© 2015 Michael Terry"
license CC-BY-SA-4.0
height 20
width 20

rows
2,1,1,1,1,1
3,1,4,3
1,4,1,2,2
5,3,1,1,1,1
1,2,1,1,1,1
2,1,2,1,1
1,2,2,4,3
1,4,1,1,2,1
2,3,1,1
1,1,2,1,1,1,1
4,3,2,3
1,1,2,1,1,1
1,1,1,1,1,1,1,1
2,1,1,1,3,1
1,2,1,2,2,1
1,1,1,2,3,3
1,2,1,2,4,1
1,3,4,4,1
1,1,1,5,4
1,1,1,2,1

columns
1,1,2,2,5
2,2,1,4
1,1,1,3,1,1,1
1,1,1,1,1,2
2,2,4,1
1,3,1,1,1
2,1,2,1,3,1,1
1,2,2,2,1,2
1,2,1,2,3
3,3,1,1,3
1,2,3,4
5,2,3,1
2,1,2,2,2
1,3,1,1,4
2,2,1,2,2
3,2,10
1,2,1,2,1
1,2,2,1,2
1,2,1,1,3
6,3

goal "1100010100010001001001110010001111011100100011110101101100000111110111010010101001000110010100001010001100000010011001011000011001101111011110000011110101011001011000011101000000011010011000000101010111110001110000110111010010110010100100000100101010101001000101100010101001110001100110010001101100011000101011011101110010011000101101111010101110011110111100101000010101111101111000101010011000000100"
