catalogue "generate.go with seed 202"
title "Random #202"
by "Michael Terry"
copyright "© 2015 Michael Terry"
license CC-BY-SA-4.0
height 20
width 20

rows
2,5,1,1,1
1,1,1,1,3,1
1,2,1,1,2,1,2
1,1,2,1,1
1,2,1,2,1,1,1
2,4,1,1,1
3,1,3,2
1,1,1,1,2,1,1
5,2,1,4,1
1,3,1,2,1
2,2,1,1,1,1
1,4,1,1
3,2,3,1
1,1,2,2,5
2,2,2,1,2,1
2,1,1,1,4,1
1,1,7,2,2
1,2,3,1
8,1,1,2
2,1,1,8

columns
2,1,4,2
1,1,4,2,2
3,2,1,4,1
2,2,1,1,3,1
2,1,5,3,2
1,1,2,1,3
1,1,1,3,2,2,2
1,1,2,1,2,1,3
6,2,1,2
1,1,1,1,1
3,1,2,1
1,3,2,1,1,1
1,4,1,3,1,1
1,1,1,3,1
1,4,2,3,1
1,1,1,1,3,1,2
3,2,3,1
1,1,1,2,2
1,1,1,2,2
6,1,1,1,2

goal "0110111110100010000100101000101000011101101100101011000010111001000110000000100101001100100011010101001100111101000010010011100100011101100001001010010110100010111110110010111100010100111001011010000001101100100100100100001000111100100100000011101100000011100110101100000110111110110110011000100011011101001000101111001010010111111101100011000001011000111000011111111100100001011011001010000111111110"
