catalogue "generate.go with seed 227"
title "Random #227"
by "Michael Terry"
copyright "© 2015 Michael Terry"
license CC-BY-SA-4.0
height 20
width 20

rows
3,2,1,1,3,1,1
7,1,1
1,1,4,2,1
8,2,3
4,1,2,1,1,1
2,2,1,1,3,1
3,7,1,4
3,1,2,1,4
1,2,2,2
5,2,2,2
1,2,1,1,1,1
1,2,1,1,1,1,4
2,4,1,1
2,7,1,1
3,2
1,1,1,4,1,1
3,4,3,1
1,2,1,1,2,2
6,3,1,2
2,2,2,1,1,3

columns
1,3,2,3,1
1,5,1,1,1,2
1,8,1,2,2
1,2,2,1,1,1
4,3,1,2,2,3
2,4,1,4,2
3,1,1,1,1,1,1
3,2,1,1,3
2,1,1,2,1,1,2
3,1,4,2,4
4,7
1,1,1,1,4,1
2,3,4,4
1,3,1,2
1,1,4,2,2,1
1,1,4,1,1,1
1,2,1,2,1,1
1,1,2,1,2
2,1,1,1,1
1,1,1,1,1,1

goal "1110110001010111010100011111110010001000100010111101100000101111111100000110011111110100110101010000011011010010111000101110111111101011110011101000011010111100001001100110001100001111100011011001100010110010101010000000100011010010101011110000110001111010100001100111111101010000000111000011000000000010101000111101000101110001111011101000000010110100101100111111110111001000110001101100110100100111"
