catalogue "generate.go with seed 230"
title "Random #230"
by "Michael Terry"
copyright "© 2015 Michael Terry"
license CC-BY-SA-4.0
height 20
width 20

rows
1,2,2,2,3
2,1,1,2,2
3,2,4,1
3,1,3,1
1,2,3,1,2
4,3,4,4
1,1,3,2,2,2
4,1,3,3
1,1,2,1,4
4,1,1,2,2,1
7,1,6,1
2,1,4,2,2
4,2,2,2,1
3,3,2
3,1,4,2,1
2,3,2
1,1,2,1,2
1,1,1,1,1,1,1,2
4,2,1
1,2,1,2,1,4

columns
1,1,3,1,3
1,3,1,4,1
2,1,1,2,4,3
1,1,1,1,2,2,2
2,1,1,3,1,1
1,3,4,1,1,1
2,3,2,1,2
1,3,1,2,1,1,2
2,3,2,1,2,1,1
1,1,2,1,1
1,2,1,1,1,1
1,2,3,2,1,1,2
2,4,3,2
1,1,2,1,3,6
2,1,2,2
2,2,1,1,1
1,2,4,3,2,1
2,3,3,1
1,4,1,1,1,1
1,4,2,1,1

goal "1011011000110111000001101010110000110000000111011011110010001110010000111000001001001101110001001100111100111011110111101000101110011011001111110010000111001110001010011000100111100001111010010110110101111111010111111001011001011110110000111111011000011000110101110001110000001100000011101001111011010000001100001110001100000100101101011000101010010001010010111111000110000100000010110100011001001111"
