catalogue "generate.go with seed 269"
title "Random #269"
by "Michael Terry"
copyright "© 2015 Michael Terry"
license CC-BY-SA-4.0
height 20
width 20

rows
2,3,1,1
2,2,6,2
2,4,4,2,1
1,1,1,1,3,1
3,1,6,1
1,1,5,1,3,1
6,2,1,3
7,1,7
1,1,3,1,1
2,2,1,2,1,1
4,1,2,1,2
1,1,1,1,1,2
5,1,2,6
1,1,3,2
4,4,2
2,1,1,1,1,1
1,3,1,1,1
4,1,3,6,1
1,7,1,1,1,1
1,3,1,2,1,1

columns
1,1,1,1,1
6,1,1,1,3
1,1,1,6,2
1,2,2,1,2,1,1
1,1,4,1,1,2
1,2,3,4
3,3,1,2,1
2,1,1,1,3
1,3,1,5,1,3
3,1,2,1,3
4,2,2,1,1,1
2,1,3,3,1
3,2,2,3,1,1
1,1,4,2,3
6,1,3,1,1
4,1,1,1,3
3,1,1,1,1
1,2,4,1,3
3,3,3,1,1
4,1,1,3

goal "0001100011101010000011000011011111100110011011110111101100100100001010100011101011100000100111111001010010111110101110010111111000110100011100011111110101111111010010000111010000100011000110101101010011110000100110100110001001001001001001100011111010011011111100100100111011000000111100000001111001100001101010100000100100100111010000010010111101011100111111010100111111100101010101011100100011000101"
