catalogue "generate.go with seed 266"
title "Random #266"
by "Michael Terry"
copyright "© 2015 Michael Terry"
license CC-BY-SA-4.0
height 20
width 20

rows
1,3,1,1
2,1,2,1,7
3,1,2,1,1,1
2,1,3,2,3
1,3,3,1,1
5,1,1,1
1,1,2,1,2,2
2,2,2,3,1
1,2,2,1,2,1,1
2,2,1,1,1,2
6,1,2,1
4,1,1,1,1,2
1,2,1,2,6
1,6,1,1,1
2,2,2,1,3,1
2,2,2,2,1
2,1,1,2,1,1,1
1,3,1,2,1,2
3,1,2,1
2,2,1,2

columns
2,4,1,1,1
4,1,3,2,3,1
2,1,3,2,1
4,2,1,1
3,1,10,1
1,2,4,3
2,1,1,1,1,1,2
3,3,1,2,2,1,1
3,1,3,2
1,1,1,1,1,3
1,1,1,2,1
1,2,1,3,1,1
1,1,2,1,2
1,2,1,1,2
6,2,1,1,1
2,2,2,1,1
1,1,1,1,4
3,2,1,2,1
1,1,1,1,2,2,1
3,2,1,2,2,1

goal "0100011101000001000011001011001011111110111010011000001001010110100011100110011110000011100011101001111110010001001000001001001101000011001111011000000110011101010110110101101001000110110010100010001100111111010110001000011110010010010100110100110010110011111110011111100101001000011011011001000111010110110000000110110111001010011001010010000101110101101001101110010011001000000000001101100100000011"
