catalogue "generate.go with seed 260"
title "Random #260"
by "Michael Terry"
copyright "© 2015 Michael Terry"
license CC-BY-SA-4.0
height 20
width 20

rows
3,1,1,1,3
1,2,4,1,2
3,1,3,5
1,1,1,2,1,1,1,1
2,1,2,2,1
1,3,1,2,4,1
1,2,2,4,3
1,1,3,1,1,3
2,2,1,1,2,2
1,1,3,1,1
1,3,1,1,2
1,1,1,1,1
2,2,2,1
1,1,3,1,2,1
1,5,2,2,2,1
2,2,3,2,1,1,2
1,3,3,1,3
1,1,1,1,3,1
3,3,3,2
1,1,1,2

columns
1,2,3,1,1,2
2,1,2,1,2,2
1,1,1,3,1
1,4,1,2,1
2,1,1,4
1,4,1,2,1,1
1,2,1,3,3
1,2,2,1,4,2
1,1,1,4
4,1,3,2
1,1,3,1,1,1,1,1
2,2,3,1,2,1
2,2,1,2,3
1,1,1,1,1,3
2,2,1,1,3,2
2,4,1,1
3,2,2,2
1,4,1,1,1,1
3,1,1,4
3,1,1,1,4,1

goal "1110000000101010111001000000110111101011000111010111000111110100101011001001010100110001011011000100100111010011001111011011011011110011100001010111000001010111110011010101101100001001000001110100000110000111010100000110010100000010001010000011001100011000100010100111000010110001001011111011011011011101100111011010101101001110111010000111100010101001110000101110011100000111001101000001001001100000"
