catalogue "generate.go with seed 284"
title "Random #284"
by "Michael Terry"
copyright "© 2015 Michael Terry"
license CC-BY-SA-4.0
height 20
width 20

rows
2,1,3,1,2,3
1,2,1,2,1,2
1,3,7,2
7,3,1
2,1,1,4,1
13,1,3
3,1,1,2,3
1,1,1,1,1,5
1,1,1,4,2,1,1
2,2,3,1,2
1,2,1,1,1
3,2,3,1,4
1,2,1,1,2
1,2,2,2,1,1
1,2,1,1,5
4,2,1,5,1
1,3,2,1,2,1
1,1,2,4,1
1,3,2,4,1,1
1,2,3,3,2

columns
1,1,1,1,1,2
1,1,3,1,3
1,1,3,1,1,1
6,1,2,1
4,2,2,7
5,1,1,1
2,4,1,2,2
2,1,1,2,7
1,2,1,1,2,1,2
1,4,2,2,1
1,1,1,2,4,1
1,2,1,2,1,3
3,4,1,1,1,2
5,1,1,4
1,1,6,3,2,2
1,3,1,2,1
1,3,1,2,2,3
1,1,4,6
3,3,1,1,1,1
2,1,1,1,1,3,2

goal "0110100111010110011110001101000011001011001011101111111001100001111111011100100000110100010001111001111111111111101011100011101000001011011101010010100010111110010100100111101101011100110111010110000000001001100010010100111001100111001011110000100001101010110010011001100001100101000010110010100111110111101100100111110101011101101001100010010010011011110010001011101100011110100110000011011100111011"
