catalogue "generate.go with seed 258"
title "Random #258"
by "Michael Terry"
copyright "© 2015 Michael Terry"
license CC-BY-SA-4.0
height 20
width 20

rows
2,3,2,1,1
1,1,1,3
4,1,2,1,1
1,1,3,8
1,1,1,2,2,3,1
4,1,1,1,1
4,1
1,3,1,1,4
4,1,1,3
4,2,1,1,2
5,4,1,1,1
5,1,1,2,5
1,1,2,5,1,1
1,1,1,2,1
1,4,3,1,2
2,1,2,1,1
1,1,1,1,1
1,1,1,2,1,1,2
1,3,2,1
1,1,4,1,1,1,1

columns
3,1,1,2,3
1,2,2,1,1
1,4,1,1,1
4,6,1
3,3,2,1,1
1,6,1,3
1,4,3,2,2
1,2,3,1,1,1,1
2,3,1,1
2,1,4
1,1,3,1,1,1
1,1,1,4,1,1
3,1,1,1
3,1,1,4
6,1,1,1
1,2,1,2,1,1,1
2,3,2,2,2,1
1,1,2,1,2,2
1,3,3,1,2
1,1,2,2,1,1

goal "1100011100110000101010010000000001011100111100010011010000100101001110001111111110010010110110111010000011110100101010000000111100000010000001011101000000101111111101000000001011100011110110010001001100111110111101001001111110101011001111101001001101111101000100101000010000001101010111100111001011000000001101001101000100001000100001001010101001000011010101101000111000000110010010100111101010010001"
