catalogue "generate.go with seed 254"
title "Random #254"
by "Michael Terry"
copyright "© 2015 Michael Terry"
license CC-BY-SA-4.0
height 20
width 20

rows
1,2,1,1,2,1,2
2,3,2,1,1
1,1,2,3,1,1
4,1,1,2,1
3,2,2,3
2,1,2,2,1,1
1,3,1,1,1,1,2
2,1,1,1,1,1
1,1,4,1,1
1,3,1,1,1
1,2,2,4,1
1,7,3,2
1,2,2,1,3,1
2,1,1,1,1,1
2,4,1,2,4
1,1,2,3,2,3,1
1,2,1,1,1,1,1,1
1,1,2,1,5
2,1,1,2,1,1
5,1,5,1

columns
1,4,2,1,2
5,1,1,1,2
1,2,1,1,2,1
1,3,1,1,1,2,1
2,2,1,3,2,2
2,1,1,4,1,1
1,4,4
1,1,2,1,1,2,1,1
3,5,3,1
2,1,1,1,6,1
3,1,2,1,1,1
1,1,3,1
1,1,2,2,1,2,1
1,2,2,2,1,1
2,3,3,4,1
2,5,1,1,1
1,2,1,2,1,1
1,1,1,3
2,1,1,1,1,3
1,1,2,3,1,1,1

goal "1000110100101100101101101110011000100010010000010110111001010111100010000101101011101100110000111000110100011011001001001011100101001010001111010100001010000001001010011110000100100101110010001001000010001100110011110001100001111111011100110001011011001011100111000010010101000010000110111101011011111010110111011011101010110010101010100001010100110001011111000110101011001000010000011111001001111101"
