catalogue "generate.go with seed 298"
title "Random #298"
by "Michael Terry"
copyright "© 2015 Michael Terry"
license CC-BY-SA-4.0
height 20
width 20

rows
1,2,1
1,4,3,4,3
1,1,1,1,2,2
2,1,1,3
1,1,2,2,1,1,2
5,3,2,1,2
6,1,3,1,1
1,2,2,1,1,2,1
3,1,2,1,1,1
2,3,2
1,6,1,1,1
4,1,7
1,1,1,1,4
1,1,2,1,2,1,1
2,1,1,1,3,2,2
1,1,2,4,2
1,1,1,1,3,1,2
1,2,3,2,2,1
5,2,3,2,2
1,3,2,1,2,3

columns
5,2,4
1,2,1,1,1
1,9,3
2,3,1,1,2,3
1,2,3,2,2
1,1,2,3,2
1,2,4,1,2,2
1,1,2,1,3
1,1,2,1,3
1,1,1,3,2,3
2,2,2,1,1
3,1,4
3,3,2,1,2,1
2,1,1,1,5,1
1,2,1,2,3,1
4,2,1,1
1,1,2,1,3,1,3
1,1,1,3,1,4
5,1,2,3,1
7,2,1,1

goal "0010000000001101000001011110111011110111000100010010100110110000000011000101011110100110000110101011111110111001101000111111110010011100100110110110001000101101111000100110010100100011011100000001100000101111110010100100001111000100111111100010100001000100111110010110001011001001110101010111011001100000101011000111101110001010101110100110101100011101100011011111101101110110110010111011010110001110"
