catalogue "generate.go with seed 238"
title "Random #238"
by "Michael Terry"
copyright "© 2015 Michael Terry"
license CC-BY-SA-4.0
height 20
width 20

rows
1,1,2,4,1,2
2,2,2,3,1,2
2,3,2,1,4
3,1,2,1
2,1,5,3,1
2,1,1,1,1
1,1,1,1,2,1
2,1,4,3,3
2,2,3
4,1,2,3,1,1
1,3,1,1,4
2,1,4,1,3,2
1,2,2,1,1
7,1,1,1
3,1,3
1,3,1,1,1,2,1
1,2,3,2,1
1,1,1,1,2,1
2,2,1,2,1
3,1,1,2,2,1

columns
5,1,2,2,3
5,3,5,2
1,1,2,1,2,1
2,1,5,3
4,1,2,4,1
1,2,1,3
1,1,1,1,1,1,1
2,1,1,1
1,1,5,1
4,3,2,1
2,1,1,2,2,1
2,1,2,1,1,2,2
3,1,2
1,1,2,1,1
3,1,1,1,1,2,1
1,1,1,2,1,1
1,1,1,1,3,3,1
1,5,1,1,2,2
2,1,2,2,2,1
2,1,6,1,2

goal "0010101100011110101111011001101110100011110111000110101111001110100011000000001011010000011111011101110010000100001001000010000100010100110101100010111101110111110000001100000001110111101011011100100110011100100010001111110101111010001110110101100000110001010011111110000000101010111010000000000011100101110101010000110100010110011100110010100101000010011001001100000011010000110111101010001100110001"
