catalogue "generate.go with seed 299"
title "Random #299"
by "Michael Terry"
copyright "© 2015 Michael Terry"
license CC-BY-SA-4.0
height 20
width 20

rows
4,2,1,2
1,2,1,2,1,1
6,4,1,1
4,1,2,1
1,1,2,1,4,1
2,1,1,1,2,1,3
1,2,2,1,1
2,2,3,6,1
1,1,1,2,6
2,4,3,2,1,1
2,2,2,1,1,2
1,3,3,3,4
2,4,1,1,1,1
2,1,1,1,1,4
1,1,1,3,1,1
1,1,2,1,2,2,1
2,1,3,3
2,3,1,1,1,2
2,1,4,1,1
2,2,1,2,2

columns
2,4,2
1,1,1,2,2,3
1,2,1,4
1,3,1,1,1,1,2
4,1,1,2,1
2,2,5
2,3,5,2,1
3,1,1,1,4,1,1
1,1,1,1,1,1
1,1,4,1,2
1,2,3,2
2,1,2,3,2
4,4,1,1,1
2,2,1,4,3
1,1,3,1,4,1
2,2,2,1,1,1,2
1,3,3,1,1,1,1
1,4,2,4
1,2,4,1,2,1
4,1,7

goal "0111100110001001100000001011001011010100001111110001111010100011110001011000100010010011001001111010110000101010110101110001011000011000010111001101110011111101100100100001101111111100111101110110101011000110011001010110001011101110111011111100111101010101000011010101000100001111000010010001011101010101001101000110110101100010000011100111011000011101001010110011001001111001000100110001101000110011"
