catalogue "generate.go with seed 250"
title "Random #250"
by "Michael Terry"
copyright "© 2015 Michael Terry"
license CC-BY-SA-4.0
height 20
width 20

rows
1,1,1,1,2,5
2,3,1,1,2
2,2,2,1
1,1,1,3,1,3,1
1,2,1,1,1,1,5
1,1,1,3,2,2
1,3,1,1,2,2,2
1,1,1,1,3,5
5,2,1,5,2
2,1,2,1,2,1
4,1,3,3
1,2,1,3,1,2,1,1
5,4,5
5,3,1,2,1
1,4,1,1,2,1,1
1,3,2,1,1,1
2,6,1,1
1,3,1,3,1,1
1,1,2,1,1,2,2
8,1,1,2

columns
1,1,3,1,1,1
1,2,1,1,1,1,1,1
1,1,7,3
2,2,1,8,1
4,1,5,2
1,2,1,9
1,1,1,1,2,1,1
1,2,1,1,3,1,3
4,3,2,3,1
6,1,2,3
2,1,2,5
1,4,2,1,2
2,1,1,1,2,3
1,3,2,6
1,2,3,3
2,6,1,2
2,2,4,3,1
1,2,1,5,1
3,1,1,1,3
2,2,4,3,2

goal "0101010010110111110000110011101010011000110000001101100000010101010111010001110110110101010100111110010010100111001100111001110101001101101110101010111001111100111110011010111110110011001011000010110101111001000111000111101101011101011001010111110111100011111000111110001110101101010111101010110010011001110110100100000100001100111111010100001001110101110100101010110101001100001101111111100001001011"
