catalogue "generate.go with seed 259"
title "Random #259"
by "Michael Terry"
copyright "© 2015 Michael Terry"
license CC-BY-SA-4.0
height 20
width 20

rows
1,3,1,2,1
1,1,3,1,1,1,1
2,1,1,1,1,3
4,4,2,1,1,1
1,3,1,3,2,1
1,5,4,3
2,1,2,1,1,2
3,1,1,3,1,1
4,3,1,1,2
3,1,1,1,2,1,1
1,2,2,1,2,1,1,3
1,1,1,2,1,1
3,2,3,2,1
1,3,1,2
2,3,1,2,1,1,1
1,1,1,1,1,1,2,1
7,1,1,1
1,1,4,3
2,1,1,1,3,1
1,1,1,4,2,2

columns
1,2,1,4,1,1,1
4,3,1,1,1,1
1,6,1,5
4,2,1,5,1
1,1,1,3
2,2,3,1,1,3
1,3,1,1,2,2,1
5,2,1,1
2,6,2
1,1,1,3,1
3,1,3,3,1,1,1
1,3,1,3,2
1,3,3,1,1
2,1,1,3
1,4,1,1,2
1,1,3,2
4,2,1
4,4,1,1,1
1,2,1,1,1,4
4,2,4,2,1,1

goal "1001110101100001000001010111001010100001110100010010000101111111001111011010010101000011101011101101101111100001111011100011010000110010101111101001001110001001111101110010100001101110010010001011010110110110101101010111000100001010001101010111011011101100000100010011100100000110110111001011010010010010101001010100110111111110010001000010001001011110000001110110010010010011101010100010011110110011"
