catalogue "generate.go with seed 277"
title "Random #277"
by "Michael Terry"
copyright "© 2015 Michael Terry"
license CC-BY-SA-4.0
height 20
width 20

rows
3,1,1,3
2,1,2,3,5
3,1,1,3
3,2,1,3,1,2
4,5,1,4
3,1,3,1,2,2
4,2,2,4
1,2,1,1,4
1,2,1,1,2,2,1
1,1,1,1,1,1
2,1,3,1,1,1
2,4,1,2,3
2,2,2,3,1
1,2,3,2,1
6,1,4,1,2
6,2,2,1,1
2,1,1,2,3,2
1,1,1,5
2,3,1,3,3
3,3,1,3

columns
1,1,1,1,5,2
1,1,1,4,3,2
1,7,1,3,1
3,3,1,1,3
1,1,1,1,1,3,1
1,2,3,2,2,2
1,1,1,1,2,2
1,1,2,1,3,1
1,4,3,1
3,1,3,2,1
3,2,2,1,1
4,2,3,2,1
1,3,1,1,3,1
3,1,1,1,3
1,1,1,1,1,1,1,1,1
3,4,2,3,1
1,4,1,1,3
2,2,1,2,2,3
2,3,1,1,1,6
2,2,1,2,2

goal "0011100010000010011111010110000111011111001110010001011100001110011001011101011000111100111110101111011100101110100110110011110110110111100000100110100100011110101101010110001100010100100100100000101011010000000111010101011001111001001101111100011011011100100010110000111000110100111111010111100101101111110110011001001011001001011011100011000000000101010111111100011100101110111011101110010000001110"
