catalogue "generate.go with seed 235"
title "Random #235"
by "Michael Terry"
copyright "© 2015 Michael Terry"
license CC-BY-SA-4.0
height 20
width 20

rows
1,1,7,1,3,1
1,1,2,1,1
1,2,3,3,1,2
3,6,5,1
2,2,2,2,1,1,2
1,3,1,1,1,1,1
1,1,2,3,1,1
1,1,4,1,3,1
1,1,2,1,1,3
2,3,3
3,3,1,1,3
1,3,3,1,1
1,1,3,1,1,1,1
3,5,1,1,1,1
3,2,3,1,4
2,6,1,2,1
8,2,3
1,1,3
1,1,1,1,1,1,1
2,1,1,1,1,1,1

columns
4,4,4,1
3,2,5,2
1,2,2,1,2,1
2,2,2,2,1
1,4,1,2,4
1,8,5,1
1,2,7,2
1,6,6
1,3,1,2,3,1
2,1,1,1,1,1
2,1,2,1,1,1
5,3,1,1
1,2,2,1,3
5,2,1,4,1
1,1,2,1,1,1
1,3,2,2
1,1,1,1,1,1,1
2,4,1,1,1
2,1,5,3,1
1,1,1,1,2,1,1

goal "1010111111101011100110010000011001000010100110111001110010111110111111011111010001101101101101010110010111010101010100000001010110111010001010101111001011100010101001100100010001111100111000000000111011101110100001000111000100111011101001000101011100010100100111101111100101010001111011011100010111101101111110100110001011111111000110000111000000001000101110000100010000101001010111010000010101001010"
