catalogue "generate.go with seed 226"
title "Random #226"
by "Michael Terry"
copyright "© 2015 Michael Terry"
license CC-BY-SA-4.0
height 20
width 20

rows
1,1,1,4,2
1,4,1,1,4
1,2,1,2,2
1,1,1,1,1,3
1,1,1,1,1,1,1
1,1,2,2,2
1,5,1,1,4
1,1,1,3,2
3,1,1,1,1
4,4,1,3
1,1,1,1,2,1
4,1,1,1,1,1,1
3,1,1,1,3
1,4,1,2,2,1
1,1,1,1,1,1
2,7,2,1,3
1,1,3,2,1,3
2,1,1,2,2
4,1,2
2,1,5,1,2,2

columns
1,4,2
4,1,1,2,1
2,1,2,1,1
1,2,7
1,2,1,2,2,2
1,5,2,1,2
2,1,1,1,1,5
2,1,2,2,2,2
1,1,1,2,2,1
1,1,1,1,1,1
1,1,2,1,1,1
1,1,1,2,2
2,1,2,1,3,1,1
1,1,1,1,3,1
3,2,2,3,1
1,2,3,1,1
1,2,1,2,1,1,1
2,1,2,1,2,2,1
3,5,1,5
2,1,1,4,2,1

goal "0010100100011110011000100001111010101111000101100001011000111000101010100001110000101001000010101001000101000110001101100101111100101001111001000101000011100011111001000001001000101111011110000100111010010001010110001000111100100001010101010001110010000101011101011110100011011001100100000010101000011101111111011010111001001011101100100111000001100100100110110000111100000100011001101011111010110011"
