catalogue "generate.go with seed 262"
title "Random #262"
by "Michael Terry"
copyright "© 2015 Michael Terry"
license CC-BY-SA-4.0
height 20
width 20

rows
2,1,5,1,1
4,1,2,1,1
1,1,2,4
3,3,1,2,2
1,1,4,3,1,2
1,2,1,2,1,1
1,3,1,1,1
7,2,1,1,2
2,1,1,1,5
4,4,1,1
2,1,4,1,3
7,5,1,1,2
3,2,2,2,1,1
1,1,1,2,1,1,1
1,2,2,1
2,1,2,1,1,3
1,1,1,4,1
1,1,3,6,2
3,2,1,2,2
1,1,3,3

columns
2,1,2,1,5
2,1,1,6,1,1
1,2,1,5,3
2,3,2,1
2,1,2,2
1,4,1,1,2,2
5,1,4,1,1,1
2,1,2,1,2,1
1,1,1,3,1,1,1
3,3,4,1
3,2,2,1
1,1,2,1,1,1
1,1,1,1,8
5,1,1,1,3
1,1,4,1,4
3,1,1,2
1,1,1,2,2,2,1
1,1,1,3,1,1,1
2,2,3,5
1,1,1,2,1,3

goal "1100001011111010010011110010011001001000000100100110111100001110011100000101101100101011110111010110010011000100011010010000010011101010010001111111001100101011110101000001001111101111001111000100010001101011110010000111111111101111101010110111001101101100101000100100100110010101000100110000110010001100010110001010111010000100010011110010101000111001111110111110110000100110001110101110000000000111"
