catalogue "generate.go with seed 293"
title "Random #293"
by "Michael Terry"
copyright "© 2015 Michael Terry"
license CC-BY-SA-4.0
height 20
width 20

rows
3,1,1,2,1,2
2,1,1,1
3,2,2,2,1
2,1,1,1,3,1
4,1,1,1,1,2,1
1,1,1,2,2,2
1,2,2,3
1,4,3,1,1,1
3,3,1,1,1,1
2,2,4,1,1
3,1,4,3,2
4,1,1,1,2,2,1
1,4,2,2,1,1
1,1,3,2
3,1,1,2,1,1
1,1,1,1,1,3,1
1,5,3,3
1,1,1,1,1,1
2,1,1,1,1,2,2
1,1,1,1,7,1

columns
1,3,2,1,2,1
5,5,1,3
3,2,1,3,1
1,1,5,1
1,1,1,2,2,1,1
1,3,1,1,3,1
1,1,3,1,1,1,1
1,2,2,2,3,1
1,3,1,1,1,1,1
1,1,3,2,1,1
2,2,2,2
1,1,4,5,1,1
1,1,1,1,2,2,1,1
2,3,3,1,1
1,2,2,2
2,1,1,3
1,4,3,2
1,6,2,1,1
1,1,1,1,1
1,3,4,1,4,1

goal "1110100001001100101101100010000001000100011100011001100110011100101000000101110111110100100101001101101010001100110011000000010110110000011101001111001110100101111011101001000001011100001101111001000101110101111011101100011110100101011011011011110110110100100000010001001110000011011100100101100010011000010101010011100110001111100011100111010001010101000100001100101010100011001101010101011111110100"
