catalogue "generate.go with seed 265"
title "Random #265"
by "Michael Terry"
copyright "© 2015 Michael Terry"
license CC-BY-SA-4.0
height 20
width 20

rows
2,1,1,7,1
1,3,2,4
1,1,2,1,2,1
1,1,1,4,2
1,1,1,2,1,1
1,1,1
2,2,1,1,3
2,2,1,1,3
2,1,3,1,1
5,3,1,6
1,1,1,1,1,2,2
3,1,1,1,2,1,1
4,1,1,1,4
1,1,1,1,1,1,1
1,1,2,5
2,1,1,1
2,1,1,2,2
3,1,1,2,3
1,3,1,1,1,1
3,1,5,2,2

columns
1,1,1,1,1,2,1
1,1,3,1,2,1
1,1,1,1,3,3
1,1,1,4
1,1,1,2,4
2,3,1
1,1,1,2,1,2
1,2,2,2,1,1,1,1
2,1,2
3,1,2,1,1
1,1,1,4,1,2
1,2,1,2,1,2
2,2,2,1,1,1,1
4,1,4,1
1,4,1
1,1,1,1,4,2,1
2,2,1,3,2
2,1,4,2,4,1
4,1,2,1,1,2
1,1,4,1,1

goal "0110101001111111010000010001110011001111100000101100010110100101000100111100011010100001000110010010010000100000000000011101100100010000111001100011010010011100000001100010111001010111110111010011111110010001010100110011001110100010101101010011110100100101111010100100001001001001000001010011011111000000000000001101010111001001001100000110111010000101100111000010111010100000101011101011111011000110"
