catalogue "generate.go with seed 281"
title "Random #281"
by "Michael Terry"
copyright "© 2015 Michael Terry"
license CC-BY-SA-4.0
height 20
width 20

rows
2,2,2,1
7,2,6
1,3,1,1,6
1,1,1,2,1
3,2,3,3,2
2,1,1,1,4
2,4,1,2,1
1,3,1,2,1,1,2
1,1,4,1,1,2,1
3,1,4
3,1,3,5
1,2,1,1,1,2,1
3,3,1,6,2
3,1,6,3
1,5,1,4
1,2,1,2,1,1,2,1
1,1,1,1,1,2
2,1,1,2
1,3,2,1,3,1
1,1,1,1,2,1,2

columns
2,2,3,1,1
1,2,1,3,1
2,1,1,2,2,1,3
1,5,1,1
2,2,1,2,1,1,1
2,1,1,2,2,1
4,4,3,1,2
1,1,1,2
1,2,4,1,1,2,2
2,2,2,1,2
2,1,1,1,2,2,1
1,3,1,3,2
1,1,1,2,3
1,7,1,2
4,2,4,2
6,1,2,1,1,1,1
3,3,1,2,3
3,2,1,1,3,2
3,2,1,2,2,1
1,1,3,2,3

goal "0000000011011001101001111111011000111111001011101010011111100000001010010011010011100110001110111011110100001001000111100001100111101000110110111010110001010011100101111001010011010011101000001111000011100010111011111000100011000101010011011110111010111111001101110010011111101110010011111000101111001011010110100010110100001010001001010011011000000100001000110010111011010111010010100010101101000110"
