catalogue "generate.go with seed 205"
title "Random #205"
by "Michael Terry"
copyright "© 2015 Michael Terry"
license CC-BY-SA-4.0
height 20
width 20

rows
3,1,1,1
1,1,1,1,1,3,1,3
1,1,1,1,1,1,1,1,1
2,1,3,2,1
2,1,6,1,2
1,1,1,1,2,1
3,2,2,4,2
1,1,3,1,2,2,1,1
2,2,1,1,1,1
1,1,2,1,1,1,1
2,2,1,1,1,2
1,5,1,2,1,1
1,2,1,1,1,1,2
2,4,1,4,3
1,6,3
1,1,4,1,2,3
1,4,7,1
2,1,1,1,3
1,2,1,2,1,1
1,1,3,1,1,1

columns
5,3,2,1,2
2,1,1,2
2,2,5,1
3,3,1
2,1,2,3,1,2,2
1,1,1,1,1,1,3
2,1,2,8,2
3,1,2,4,1
2,2,1,1,2
2,1,1,1,3,2
1,2,2,2,1,1
1,3,1,2,1
2,1,1,4,3
1,1,2,1,1,1,1,1
1,5,1,2,3
1,2,1,4,1
1,1,1,1,2,2
3,1,1,1,3,1
1,2,4,1,1
3,4,1,2,1

goal "0000111000100000010110101010010111010111101001010100101001011100101110110100000011010001111110101100100101000001001100100011101101100111101110101110101101100101110000001100101010011000101100100101000100011011001010100110101111101000110010101011001001001010001101101111010111101110001000111111000111001010111100001011011101001111001111111001110001000100101110001001101011000000010100101011100001010010"
