catalogue "generate.go with seed 252"
title "Random #252"
by "Michael Terry"
copyright "© 2015 Michael Terry"
license CC-BY-SA-4.0
height 20
width 20

rows
3,1,1,2,1,2,1,1
2,11,1,2
2,2,1,5,1
1,1,1,3,1
2,4,1,1,3,1
4,2,2,1,1
5,1,2,2,1
1,2,1,3,1
1,1,1,2,1,1,2
1,2,5,1,2
2,4,1,1,1,2
4,3,2,1
1,3,2,2,1
1,3,1,2,1
1,1,3,1,2,1,1,1
4,1,2,3
3,1,1,1,4
3,1,1,2,1
3,1,1,1,1,1
2,1,4,2,1,1

columns
2,1,1,1,3,2,1
2,1,1,2,4,1
1,1,4,4,3
2,2,5,2
3,3,2,2,1,2
1,2,2,2,1
5,2,3,1,1,1
2,2,9,1
2,2,1,1,2
4,2,1,1,1,1
1,2,2,1,1,1
2,1,5,1,1,1
1,2,2,1,1,1
4,1,2,1,1,1,1
1,1,2,2,1,1,1
2,2,1,4,1
1,1,1,4,1,2
2,1,1,2,1,1
1,3,1,1
1,4,3,1,1

goal "1110101011010110100111011111111111010110000110110100011111010010001001011100000111001111001010011101001111011011000100011111101011011000100000100011010111001000101000010011001010110000101100111110101101101111010001010011111101110011000001001011100110000110100010111001000000110100010101110101100101011111010110000111000011101010001000011110011100000101011010000001110010101001001011001011110001100101"
