catalogue "generate.go with seed 282"
title "Random #282"
by "Michael Terry"
copyright "© 2015 Michael Terry"
license CC-BY-SA-4.0
height 20
width 20

rows
2,1,1,1,1,1
1,3,1,1,2,1
1,1,1,3,2
1,4,1,2,2
1,2,1,1,1
1,1,1,3,2
2,2,1,3,1,1
2,3,1,3,1,1
2,1,1,3,1
2,2,2,2
1,1,1,1,1,1,1,4
4,2,1,5,2
1,1,1,2,1,1
2,1,1,1,1,1,1
1,1,2,2,2,2
2,1,5,3,1
1,1,1,4,1,1
2,3,3,3,1
2,4,2,1
1,1,1,1,3

columns
3,3,1,1,1,2
2,1,4,2
2,2,1
3,2,1,3,2
1,1,2,3,3
5,3,1,1,3
2,2,2,2,1,1
1,1,1,1
1,1,3,3
2,3,3,1
1,1,2,4,6
2,1,1,1,2,1
1,1,2,8,1
1,2,1,1,2
2,1,3,4,1,1,1
1,1,1,2,1
1,1,3,1,1
2,2,2,1,1
2,2,3,2,1
1,1,1,1,2,1,1

goal "0000011010100010010110001110010010110100101001000111000000111011110000010110011000010110000010000101100100101110000110001100110101110010001011011100010011101010001101000010111000010110001100110000110010001010101010101111001111011010111110110100100010011010001011010010010010100001010101100110110001101101000011111011101000001010101111010100110111001110111000011101111000110000001000000101001010111000"
