catalogue "generate.go with seed 255"
title "Random #255"
by "Michael Terry"
copyright "© 2015 Michael Terry"
license CC-BY-SA-4.0
height 20
width 20

rows
3,3,3,1,1,1
2,1,4,2,2
1,1,2,1,1
2,1,1,7,1
1,1,1,2,2,4
14,1,1
2,2,1,2
1,3,2,1,1,1
1,3,3,3
1,2,1,4,1,1
2,4,2,4,1,1
1,2,1,2,1,3,1
2,1,2,2,1
2,1,6,2
3,3,1,3,1,1
1,1,1,3,1,1,1
1,3,1,1,4
2,1,2,1,1,1
1,1,1,4,1,1
1,1,5,1,1,1

columns
3,1,1,2,1
1,1,1,2,5,1
2,1,3,1
3,2,4
1,4,2,1,1
2,4,1,1,2
1,2,1,12
2,2,1
1,1,1,3,1,1
5,3,3,1
1,4,1,2,2
4,1,3,3,3
6,7,4
2,3,3,1,2
1,1,3,2,1
5,1,1,1,2,2
1,2,3,2,1
1,1,3,3,1
1,3,1,1,1,1
4,3,1,1,1,3

goal "0111001110011101010100110001001111011011000100100001100100011100101001111111000110000101011011011110111111111111110010100001100001100001011001001110110000100101010011100001110001110001011010011110100111011110110111101010010110101100101110011101011001101000000001100010000111111011111011101011101010001010001001110001010101000111010010011110000001100101101001010000101010111101000110100000011111010101"
