catalogue "generate.go with seed 251"
title "Random #251"
by "Michael Terry"
copyright "© 2015 Michael Terry"
license CC-BY-SA-4.0
height 20
width 20

rows
1,1,2,8
1,1,1,2,4
1,2,2,2
3,1,4,2,1
1,1,6,1,3,1
1,2,1,1,2,2
1,7,4
3,4,1,1,1
1,2,1,1,1,1
2,2,1,1,2,1
3,1,1,3,2
1,3,1,1,2,3
2,5,2,1
1,1,1,4,2
2,1,1,2,3
3,2,2,1,1
6,1,1,4
1,2,1,2,1,1
1,1,1,2,1,3,1
2,1,1,1,1,1,2

columns
1,4,4,1,3
1,1,2,1,2
2,2,3,4,1
2,3,1,7
1,1,1,1,1,1
1,4,1,1,1
1,2,1,3,1
1,1,2,1,1,1
2,4,2,2,1
5,1,3,3
1,1,1
6,1,8
1,1,2,1,3,1,1
2,2,1,2,1
2,2,2,1,1,2
1,3,1,2,2,1,1
5,1,1,1,2,1
2,1,1,3,3,1
2,3,2,1,1
2,1,5,2,1

goal "1001011000001111111100010001000101101111100011000001100110001110010011110001100110101111110100111010100001100101011000110100000111111100111100111011110010010001101100001000010001011101100010001011000111100000010101110110101110101000110011100110011111011000010010010010011110011000001100000101001101110111000110011000010111111100100100111100101100000101100010101001001011010111000100110101010100101100"
