catalogue "generate.go with seed 225"
title "Random #225"
by "Michael Terry"
copyright "© 2015 Michael Terry"
license CC-BY-SA-4.0
height 20
width 20

rows
1,1,2,1,3,1
1,4,2,5,2
1,2,7
1,2,6,1
5,1,2,3
3,3,1,3,1
1,1,3,2
4,3,1,1,2
1,4,2,3,1
1,1,4,3
2,3,4,1,1
1,3,2,1,1,2
1,3,1,2,1,2
1,1,2,3
1,3,2,1,1,2
1,5,4,6
2,6,1,1,2
3,1,5,3,1
1,1,4,1,4
1,1,2,1,2,2

columns
1,2,1,1,6
1,1,1,2,2
1,1,1,1,1,1,1,1
2,1,2,3,3,1
3,1,2,2,3
1,1,1,2,4
1,3,1,1,2,2,1
2,1,1,1,2,1,1
1,1,3,4,1
1,4,6
2,4,2,1,1,2
3,2,4,6
3,3,1,2
6,1,2,1,1
5,1,1,2,1
1,11,2,1,1
3,1,2,3,3
1,1,1,5,4
1,3,2,2
1,1,1,1,1,3

goal "0100101101000111000110111101101111101100010110000011111110001000001100011111100111111010011001110000000001110111010111011001000001110011000001111000111001010110010011110001101110010001000010111101110000110011101111010100100111011001000101100010111000101101011010010011000000001110100111001101010110001011111011110011111111001111110100100110111001001111100111011001000001111010111100100010110100011011"
