catalogue "generate.go with seed 287"
title "Random #287"
by "Michael Terry"
copyright "© 2015 Michael Terry"
license CC-BY-SA-4.0
height 20
width 20

rows
1,1,1
2,2,3,2
2,2,3
2,2,1,2,3
1,1,1,1,2
1,7,2,1,1
1,2,2,1,1,1
5,2,1,3
2,1,2,1,2
1,1,2,2,1,1
3,1,1,2,1,1,1
2,1,1,4,3
1,1,2,2,3
2,1,2,3,1,1
6,3,2,1
2,2,1,1,1,1,2,1
1,1,1,1,1,1
1,1,1,2,3,6
3,1,8,4
1,3,3,2

columns
2,2,4
1,2,1,1,2,1
2,1,1,1,9
6,1,2
4,1,1,2
2,2,1,1,3
4,1,2,1,2,1
1,3,5,3
1,3,1,5
2,1,2,1,2
1,1,1,1,1,2,2
1,3,1,1,2
1,4,1,3
1,2,3,1,2
2,1,4,1,1
4,1,1,1,1,3
2,3,1,1,3
2,1,4,1,3
3,1,1,2,3
1,1,4,1

goal "0010001001000000000001100110111000011000000001100001101110000110001100100011011101010100000000010110101111111011001000101001100110010101000001111101100100001110000110100110100110001001001100001100101011100001010011010101001101010111100011100010101100000110011100110101100001110101011111100111011000010110011010101010110110100000100001010010101010011011101111111110101111111101111010000001110011101100"
