catalogue "generate.go with seed 280"
title "Random #280"
by "Michael Terry"
copyright "© 2015 Michael Terry"
license CC-BY-SA-4.0
height 20
width 20

rows
6,4,1,1
2,1,1,2,2,1,1
2,1,4,1,2,2
2,1,1,3,2
2,1,3,2
1,3,2,2
4,2,1,2,2
1,3,1,1,1,4
1,1,3,1
1,4,2,1,1,2
1,1,1,1,2,2,3
3,7,1,3
1,1,5,2,1,1
1,2,1,1,3,1
1,2,3,2,2
3,1,1,3
1,2,1,1,1,1,3
1,2,2,1
1,2,4,2,2
2,1,3,1,2,2

columns
1,1,7,1
1,1,5,1,1
3,2,2,2
4,1,2,2,1,1
1,2,1,2,1,1
8,4,2
2,1,1,2,1,1,2
1,1,5,2
3,1,1,2,2,1
1,1,3,3,2
4,1,6,1,2
2,1,3,2,2,2
2,2,1,3
1,1,2,2,1,1
1,1,1,1,1,3
3,3,1,2,1
4,1,2,1,2
2,5,1,1
1,1,1,2,1,1,1,2
2,3,3,1,1

goal "1111110011110000101000110100101101101001001101011110100110111101010000111001100000000110100001110110001011100110000011000011110011010110001101000111010101001111010000000001000111010101111001101001011001010101011011011100111001111111010001111010111110110001000110011001001011100001101101110011000110001110010000010011100010011010101010000111100000001101101000000000101101111011001111010011101001100110"
