catalogue "generate.go with seed 261"
title "Random #261"
by "Michael Terry"
copyright "© 2015 Michael Terry"
license CC-BY-SA-4.0
height 20
width 20

rows
2,1,1,1,5
1,5,1,2,1,2,1
1,3,1,3
1,1,4,2,2
4,1,2,1,3
1,1,3,1,2,2
1,1,2,1,2
2,2,2,1,3,1
1,1,1,5,2
4,1,3,6,2
1,2,1,3,4
1,2,1,1,1,3
1,1,6,1,5
1,2,1,3,1
1,2,6,2
3,1,3,2,2
1,6,1,3
4,1,5,2
1,1,1,1,1,2
3,2,2,3,1,2

columns
1,2,3,3,1,3
1,2,1,1,4,1
2,1,1,1,1,1,1
6,3,2,1
2,2,3,1
3,1,1,1,2,1,1
2,1,1,1,3,5
3,2,1,1,1
2,1,1,1,2,6
1,2,2,1,4,1
1,2,3,2,2
1,1,6,2,2,1
3,1,1,1,1
2,1,4,1,2
1,2,3,1,1
1,1,3,1,2,2,1
5,4,3,1
3,1,2,3,3
1,1,3,4,1,2
2,3,3,1,2

goal "0011001010000101111110111110101101001101010111000100000011101001011110110001100011110001011001001110010101110100001100110000100010110001001111001100001101011101100100100011111011001111010111011111101100010011010111001111100001101001001001111010111111001011111010011000000100111001010110011111100011001110001011100110011001001111110100011100111100101111101100001000001010100100001111100110110111010011"
