catalogue "generate.go with seed 276"
title "Random #276"
by "Michael Terry"
copyright "© 2015 Michael Terry"
license CC-BY-SA-4.0
height 20
width 20

rows
2,1,5,2,2,1
2,2,2,6,1
5,3,3
2,2,8,1,1
2,3,1,2,2
4,3,2,2,1
1,1,1,2,3,2
2,3,1,1,3,1
2,1,4,1,1
2,1,1,1
1,1,1,1,1,3
1,11,3
2,3,6
1,6,1,1,1
3,1,3
1,2,4,1
1,2,1,1,1
1,2,2,1,2,1
1,1,1,2,1,1,1,1
1,1,4,2,3,1

columns
2,1,1,2,2,1
10,2,2
1,2,1,1,1,1
4,1,4,1,3
3,1,1,1
1,2,1,2,1,1
1,2,1,1,1,3
2,6,6,1
1,4,2,4,1,2
1,2,5,2,1,2
4,1,1,2,1,1,1
2,3,1,1,2,2
1,1,2,1,1,1
2,1,2,4,2
2,1,1,1,3
1,1,2,1,2,1
1,6,2,1,1
1,1,4,3,2
3,3,2,1
2,2,1,1,2

goal "1101000111110110110111011011001111110001011111001110000011101101101111111100101001100011100100011011111100011101100011010100100101101110110011000001110101011101110001011110000101000110010001000100000010010000001001010111100111111111110011100011000111000111111001011111101010010000111001011100000000000001001100011110001000100001100101000010000101100110001011010101001011010010010101010111101100111010"
