catalogue "generate.go with seed 203"
title "Random #203"
by "Michael Terry"
copyright "© 2015 Michael Terry"
license CC-BY-SA-4.0
height 20
width 20

rows
3,1,2,2,1,2
1,2,4,1,3
1,2,6,1
2,2,1,1,1,1,1
2,3,1,3
4,1,2,1,2,3
3,1,2,2
1,1,1,3,1,3
1,1,3,2,2
3,8,3
2,4,3,1,1,3
2,1,1,3
1,3,2,4
2,2,2,1,2,1
1,3,8,1
1,1,1,2,3
2,1,5,2
1,1,2,2,5
1,1,1,1,3,1
5,2,1,1,1

columns
1,1,1,1,2,2
1,4,1,1,1
3,3,2,2
1,1,2,6,1
1,1,7,1,3
1,1,1,1,1
5,1,2,3,2
2,1,1,2
2,1,2,1,2,1
3,1,4,1,1,1,1
3,1,6,3
2,1,3,5,1
3,1,1,1,3
1,3,1,3,3,1,2
1,3,1,2,1,3
1,1,1,1,4
1,1,1,5,1
1,1,7,1,1,1,1
3,1,5,1,2
2,1,1,1,1,1,1,1

goal "0111000101101100101100100011011110100111001001101111110000101101101010000100010101100111001011100000011110101101001101110111000000100110110010001010011100010111001010000111011001100011101111111100111011011110111001010111000110000010001011101001110011000111100000011011001101001101000101110111111110101000101000110001110011000000100111110011000010101101101111101010101000001110000111111000110101000100"
