catalogue "generate.go with seed 283"
title "Random #283"
by "Michael Terry"
copyright "© 2015 Michael Terry"
license CC-BY-SA-4.0
height 20
width 20

rows
1,2,1,2,1,1
3,2,1,1,3
4,2,2,6,1
5,1,1,2,3
1,3,1,2,1
1,1,2,1,1,3
1,1,1,1,2,4
1,1,2,2
2,1,2,2,1,1,1
2,2,4,1,1
1,1,1,2,2
6,2,1,2
1,1,2,1,3
2,1,4,1,1,1,1
3,5,5,2
4,2,1,1,2
2,1,2,1,4
1,3,1
2,1,2,1,3,2
2,1,3,1

columns
1,3,1,2,3,2
3,5,1,3,2
5,1,1,3
5,1,2,1
3,3,2,1,1
1,3,4
1,1,1,1,1,2,3
2,1,2,2,1,1
1,1,1,1,3,2,1
9,2,1,1
1,1,2,3,2
1,1,1,1
1,1,4,3,1
2,2,1,1,1
2,1,1,3,1
3,1,1,1,1,1
1,2,1,4,1
4,2,4,1,1
1,1,2,1,2,1,2
7,2,1,1

goal "1011001000011000010101110001100001010111111100110110111111011111100001010011011110111010011000000001010010001100010101110100010101000110111101001000110000011000110010110110101000100110110111101000010010000100010011001100111111000001100101100000101011000010011111000101111010101001111011111011111011001111011000101001100000110100110001001111000010111010000000001100001001101011101111010011100000000010"
