catalogue "generate.go with seed 271"
title "Random #271"
by "Michael Terry"
copyright "© 2015 Michael Terry"
license CC-BY-SA-4.0
height 20
width 20

rows
7,1,1,1
3,1,2,1,1,1
1,2,4,1,3
2,1,1,5,1
1,1,3,2
1,1,1,1,1,2
4,2,6
2,1,5,1,1,2
2,5,4
2,4,1
2,4,1,3
2,1,3,1,1,1
2,1,2,2,2,1
1,2,4,3
1,5,1,4
2,2,4,1,1,1,1
1,2,1,8
1,4,1
1,2,1,5,1
1,3,5,2,4

columns
1,3,1,2,1,2
2,2,4,1,1
2,2,1,1
2,1,3,4,1
4,3,1,3,1
2,2,4
1,1,4,1,2
4,7,1,2,1
1,1,4,1,3,1
1,1,2,1,3,2
4,1,2,3,1
1,2,1,1,5,1
2,2,3,1,1
2,1,1,3,2
2,1,1,1,2
2,1,1,1,3,2,1
1,1,1,3,1,1,4
2,1,1,5,1
2,2,1,2,1,1
2,2,1,3,2

goal "0000111111100100100100011101001101010001010110011110100111001100100100111110010000010000000100111011101000101010000000111111000110011111100011010011111010001011001100111110000111100110111100010000000011001111000010011100011010011100100100101101001100011011010010011000111100000111000100011111010011111101100011110101010100101101000111111110010011110000000010001000011001001111100110011101111101101111"
