catalogue "generate.go with seed 295"
title "Random #295"
by "Michael Terry"
copyright "© 2015 Michael Terry"
license CC-BY-SA-4.0
height 20
width 20

rows
4,1,4,1
1,1,2,1,3,2,1
1,1,1,1,3,1
4,1,1,1,2,1
1,1,3,5,2
1,1,2,1,1,1,3
2,3,3,3,1
4,3,2,2
1,1,2,3,1
3,1,1,1,1,1
2,1,3,1,5
3,1,2,1,1,1
4,1,2,3,2,1
3,1,1,4,3
4,2,2,1,1
3,1,1,4,2
3,1,2,3,1,4
1,1,5,1,1,2
2,1,1,7,3
4,2,2,1,1

columns
2,1,1,1,2,2,1,2
1,3,5,2,1,2
2,1,2,1,7,1
1,3,1,3,2,2
1,1,1,4
1,1,1,1,1,1,1
1,2,1,2,1,2
2,1,2,2,1,6
1,2,1,2,3,1,3
2,4,1,1,3
1,2,1,1,1,4
1,3,5,2
1,2,2,2
5,2,2,4,1
1,1,2,1,1
2,3,3,1,1,2
1,1,1,1,1,2,1
1,4,3,1,1,2
1,2,1,1,6
1,2,4,1,3,1

goal "1111010111100000010010100011010111011010010010001010011100011111001010101100100001010111000111110110100100001101010101110110011101110001110111110001110001100110010001001100011100011110100100000001010111010011100001011111001110101100010001011111010110111001101011100010010111100111001111011011010000100011100100010111101111101011011101001111001010111110100100111101010111111101110011110001101100000101"
