catalogue "generate.go with seed 224"
title "Random #224"
by "Michael Terry"
copyright "© 2015 Michael Terry"
license CC-BY-SA-4.0
height 20
width 20

rows
1,1,8,2
2,5,2,1,1,1
4,2,1,1,1
2,2,2,2
2,1,2,1,5
2,1,1,1,1,2
2,2,1,1,1,1,1
7,1,1,2
4,1,1
4,1,1,2,2,1
1,1,2,2,1,2,1,2
2,1,1,2,3
1,2,1,4
1,1,1,1,5
3,1,2,1,1,1
3,3,1,1,1,2
1,5,1,1,1,2
1,2,3,2,2,1
1,8,6
1,2,2,1,1

columns
3,1,3,4
3,2,1,1,1,1
1,2,2,2,1,1,2
1,1,1,1,3
2,1,2,5,1,1
2,1,2,1,1,5
2,3,1,7
2,2,1,6
3,2,4,1,1
1,3,1,1,1,4
2,1,4,1,1
2,1,1,1,2,1
1,1,1,3,2
3,4,3,1
1,1,1,3
2,1,1,1,1,3,3
1,2,1,1,1,1
2,3,1,2,1,3
3,1,3,1,1
1,1,2,4,1

goal "1010111111110000110011001111101100010101111100001100100100100110011001100000011000011010110001011111110000101001010011000110110101000101000100111111101010000011000000001111010100000111100010100110110110101101101011010011110010000100011001111000110000001000111100101010100111110000000001110010110101011110011101010101100010011111010100100110101101110110001101001011111111001111110001000011000110010010"
