catalogue "generate.go with seed 206"
title "Random #206"
by "Michael Terry"
copyright "© 2015 Michael Terry"
license CC-BY-SA-4.0
height 20
width 20

rows
1,4,2,4
1,1,1,1,2,2,1
1,2,1,1,1,1,1
1,4,4,4
1,1,1,5,2
1,2,4,2
2,4,4
3,1,3,3,1,1
1,1,3
2,1,1,2,1,1,1
4,6,4
1,3,3,2,1
2,4,4,1
1,3,3,1,1
4,4,6,2
6,3,2,1,1
4,1,4,2
4,1,3
1,3,4,2
2,2,1,1,8

columns
1,1,1,1,2,1,1
1,1,1,1,3,2
1,2,3
1,1,3,5
2,1,2,1,2
3,2,3,7
2,1,2,2,3
2,1,8,1,1
1,5,2,1,1,1,1
1,1,1,3,2,1
2,2,2,3,3,2
3,1,2,3,1
2,6,1,2,2
2,4,1,3,1,1
3,3,4,2
2,3,3,1,2
2,1,4,1,1
6,1,1,1,1,1
1,3,1,2,2,1
3,1,2,3,1

goal "1000000111101100111101000101001011001101000101100101000101011000011110111101111001010000101111100110000001011000111101100000110111101111000011101011101110010010000100010000111000001101010110100010000100111101111110111100001001110111000110010001101111000011110110011100000011101010111101111011111101100111111001110110100111110100111100000011000011110000010001110100111001111011000011000110101011111111"
