catalogue "generate.go with seed 232"
title "Random #232"
by "Michael Terry"
copyright "© 2015 Michael Terry"
license CC-BY-SA-4.0
height 20
width 20

rows
4,2,2,2,1
1,2,1,1,2,1
1,4,3,1,1
1,3,1,3
4,2,2,3,1
1,1,3,1,2
1,3,1,2,2,2
3,1,1,4,1,1,2
1,3,1,2,2
3,1,2,1,1,1
1,3,2,3
2,1,3,2
4,3,2,1,2
4,1,2,2,2,1
1,1,1,1,2,1,1
1,1,4,1,1,1,1
2,11
1,3,1,3,1,2,2
1,1,5,2
2,1,3,1,1,2

columns
1,2,1,3,1,1
1,1,1,3,1
2,1,1,3,2,1
5,3,2,3
1,1,1,2,1,2,3
1,1,5,1
1,1,1,1,5,1
1,5,2,1,3
2,1,1,1,2,2,1
2,3,1,7,1
1,1,1,3,3,4
9,3
2,2,3,1
2,1,1,2,4
2,2,2,2,2,1
1,2,1,1,1,2,1
1,1,3,1,2
1,1,1,4,1,1
1,2,4,1,3
1,2,1,1,1,2

goal "0011110110110011010010110000100101100010010111100111010001000001000111010011100001111011001101110001100001011101000011001000011101011011001101110101011110101011100111001011000110000001110101101000101010000011100011000111110010001110000001101111011101100010011001111010011001101101001010100100110100101001001111001010010100110011111111111000101110010111010110110000101000111110001101101000111001010110"
