catalogue "generate.go with seed 216"
title "Random #216"
by "Michael Terry"
copyright "© 2015 Michael Terry"
license CC-BY-SA-4.0
height 20
width 20

rows
1,2,1,1,2,1,1
1,1,1,1
3,1,3,1,3,1
1,1,1,1,4,2
2,1,2,2,2
5,3,3,2,2
2,2,4,2
1,3,1,2
2,2,1,1,1
3,4,1,1
2,4,2,3,1,1
1,2,6,1
1,4,1,1
2,4,4,3
1,4,1,5,3
2,1,2,1
1,2,4,1
2,1,3,2,1,1
1,2,1,3
1,6,1,3

columns
1,1,1,1,1,2,2
5,3,1,2
1,2,5,2,1
2,1,2,3,1
1,1,1,1,2,1
1,1,1,2,3,1
1,1,3,4,1,1
1,3,2,1,1,2
3,1,1,1,2,4
2,1,6,1
1,1,1,4,1,3
2,5,1,2
2,2,1,1,2,1
1,2,3,4
2,1,5,1
1,1,2,2,4,1
1,3,1,1,4
1,2,2,1,1,1,2
3,1,1,1
1,2,1,1,1

goal "1001101010110001010001010000100100000000111010011100100111010101010001011110011011000010001100110011011111011101110110110011001100111100110010000011100100001100011001100010101000001110000111100101000001101111011001110101001001100111111010000010001111000010010011011110111100111000101111000101111101110011010000001101000001000001100001111001011000101110110010101000000110100001110010011111101000001110"
