catalogue "generate.go with seed 286"
title "Random #286"
by "Michael Terry"
copyright "© 2015 Michael Terry"
license CC-BY-SA-4.0
height 20
width 20

rows
1,1,1,1,2,1,1
1,3,3,3
1,1,2,1,1,1
3,1,2,1,1
2,2,2,2
9,2,1,1
2,4,1,5
2,2,1,2,1
1,2,1,2,1,1,2
1,2,1,3,1,2
2,3,1,4,2
2,1,3,2,3
4,4,1,4
2,2,2,3
1,1,1,1,1,4
1,3,2,1
1,2,4,3
2,3,1,1,3
1,1,1,2,1,1
1,3,2,2,1

columns
4,1,2,2,1
1,2,3,3
1,1,1,1
1,1,2
2,2,5,1,1,1
3,4,1,2,1,1,1
1,3,6,3
1,1,3,1,2
4,1,3,3
1,1,1,3,3,1
1,1,2,2,1,2
1,3,1,1,6
2,2,1,2,1
1,1,1,3,1,3
2,1,3,1,2
1,2,1,1,1,2,1,1
4,3,2
2,1,9,1
2,1,6,1,1
1,2,2,1

goal "1000100101001101001010001110001110000111100001011000010101001110010011010001000000000001101101101100011111111101101010001100111100001001111100000110110000101101001011010110010101100101101011100100011011001110100111100110110010111000001101110000111101111010111100000110011011001110100100100101001111001001110000110001000000100000110111100111110011101001011100000100001010110100100001001110001100011010"
