catalogue "generate.go with seed 208"
title "Random #208"
by "Michael Terry"
copyright "© 2015 Michael Terry"
license CC-BY-SA-4.0
height 20
width 20

rows
2,1,1,4,1,3
1,1,3,3,1
1,2,3,1,2
1,1,4,2,2,1
1,1,1,1,1,4
1,3,2,3,2
3,1,1,1
1,2,3,1,1
1,1,2,3,1,3
2,1,2,3,2,3
1,1,3,2,1,1,1
1,2,1,1,2,2
1,4,2,3
1,1,3,2,1,3
1,2,2,3,1
2,1,7,1,1,1
1,1,2,1,1
2,2,5,1,2,1
1,3,2,1,2,1
1,1,1,2,4

columns
1,1,1,1,2,1
2,1,1,1,3
2,2,1,2,3
2,2,2,5
4,2,2
4,2,1
1,2,1,1,2,3
1,3,3,5,1
2,1,1,4,3,1
3,3,2,2,1,1,1
1,2,1,2,1,1,1
1,2,4,1,1,1
1,2,2,4,4
3,1,1,2,1,1
1,1,2,3,3
2,3,2,1,2
2,4,1,1,1
1,1,3,2,2,1
1,1,2,3,2
2,1,4,4

goal "1101001011110100011101010001110011100001001001100111010001101010011110110001100101000101010010011110001001110110111001100011100001000000010101011000000111010001001010011011100101111100101101110011011100010101110110101010101101001000110110000010000111101101110001001001110110101110010110110000011100101101001111111010100110010001100010000001001101101111101011011011101100001011000100101010110001111000"
