catalogue "generate.go with seed 289"
title "Random #289"
by "Michael Terry"
copyright "© 2015 Michael Terry"
license CC-BY-SA-4.0
height 20
width 20

rows
2,4,2,1
1,2,1,2,1,1,1
3,1,1,1,3,1
1,1,1,2
2,1,1,1,1,1,1,1
1,1,2,1,1,1,3
1,1,1,1,3,1,2
1,1,1,1,1
5,3,7
3,1,1,2,1,1,1
3,1,1,1
1,2,2,1,1
8,2
2,2,3,1
1,1,2,1,1,3
1,1,1,3,1
1,2,1,2,4
1,2,2,4,1
1,1,2,2,1
1,1,3,1,1,2

columns
3,2,1,1
1,2,1,1
1,1,3,1,1,1,1
2,1,1,2,2,1
1,1,1,2,3
2,3,3,3
1,1,1,3,1,1
1,1,1,1,1,3,1,1
1,1,2,2,1,1
2,2,1,2,1
1,3,1,1
3,2,1,1,1,1
1,2,1,3,2
1,1,1,2,5,2
1,1,1,7
2,1,2,5
1,4,2,1,1
5,2,1,1,2
1,1,2,4,1
2,1,1,1,2

goal "0000110011110110001000010110010110010101001110010001010111011000001000100000011011010101001000010101101011001010100011100001010101001110101110101000010000001000111110111001111111000111010010110101010000000111000010001010001001100000110010100000001111111100011000110001100001110010100100110101011100000010100001000111000101001101000110111100100011001100111100010010010000000110110101010011100100100110"
