catalogue "generate.go with seed 272"
title "Random #272"
by "Michael Terry"
copyright "© 2015 Michael Terry"
license CC-BY-SA-4.0
height 20
width 20

rows
2,5,2,6
1,1,1,2,1,1,1,1
1,1,7,1
4,1,2,3
2,2,1,1
1,3,3,3,1,1,2
2,1,2,3,1,1,2
1,1,2,4,1
3,1,2,1,2,1
1,5,1,1,3,1
1,2,1,1,2,1,1,1
1,2,1,1,1
1,1,4,1,1,4
2,1,2,1,2,1,1,1
1,1,1,2,2,1
4,1,2,4,1
5,4,3,1,1
4,2,2,1,3
2,3,1,2
2,2,6,1,2,1

columns
2,4,2,2,1,2
1,2,1,1,1,1,4
3,1,2,7
1,4,1,3,1
1,2,4,1,3,1
2,1,4,1
1,1,5,3,1,1
1,1,4,2,2,1
3,1,1,1,1,2,1
3,1,1,4
1,1,2,1,1,1,2
2,3,1,1,5
2,3,1,1,2
2,3,1,3,2
1,1,3,2,3,1
2,1,1,2,1
1,1,2,3,1,2,2
2,1,2,3,3
1,5,1,1,1,1
2,5,5,1

goal "1101111101100011111110100100110100010101001000101111111000101111000010001100111011011000000000010010101110111011101010111101011000111010101100101011000111100001111010110000010011011000111110100101110101001101010110101010101101000000001000011010011110100100111101101011010110100101001000101000011011010011110100110111100111111011110111010100011110001101101001111100000001110100110011011011111101011010"
