catalogue "generate.go with seed 228"
title "Random #228"
by "Michael Terry"
copyright "© 2015 Michael Terry"
license CC-BY-SA-4.0
height 20
width 20

rows
1,6,3,1,1
3,4,1
2,1,1,1,1,2,5
4,3,1,1,1
1,3,1,4,2
1,1,1,2
1,4,1,1,1
1,5,1,1,1
3,1,4,2,1
3,3,1,1,3
2,2,1,1,2,1
1,3,2,3,2,1
2,1,1,4,1
3,1,1,1,2,1,1,1
1,1,1,1,1
5,3,1,1
2,2,3,2,1,1
3,1,6,1
2,2,1,3,5
1,2,2,1,1,1

columns
1,1,1,1,1,1,1,1
2,1,2,1,1,2
2,2,8,3
1,1,1,2,1,1
5,2,1,2,1
1,1,2,1,1,1
5,2,1,1,1
2,1,3,1,4,2
4,2,4,2,1
2,4,1
1,2,3,4,3
2,2,2,3
1,1,1,1,3,3
1,3,1,2,1,1
1,1,2,1,1,3
1,2,1,1,2,2
3,2,3,1
1,1,1,1,2,2,3
1,1,1,1,2
3,2,4,1,2

goal "0010011111101110010100111011110000000001110010101010110111110111101110100100100000101110010111101100000010000101000000111000000111100010010101000001111100101010001110010011110110011110111010000001011101100110100000101101101110011011100110010011001010111100100011100101001011010101001000010010001001001111101110000001000100001101101110110101111000100111111001000110110100111011111010110001100001010010"
