catalogue "generate.go with seed 291"
title "Random #291"
by "Michael Terry"
copyright "© 2015 Michael Terry"
license CC-BY-SA-4.0
height 20
width 20

rows
2,2,1,1,1
1,2,1,1,1
2,3,1,1,1,1,1
1,1,1,1,1,4,2
2,2,1,3,1
1,1,5,1,2,1
4,1,2,1,1,2,1
3,1,1,3,1,1,1
7,1,4,1,1
1,3,1,7
2,2,2,1
5,6,1
1,2,1,8
1,4,1,1,1,1
1,2,1,4,1
4,2,1,2
1,2,1,4
1,2,2,2,1,1,1
1,2,2,1,1,1
2,2,1,3,1,3

columns
1,3,2,3,1
1,1,4,1,1
4,4,1,1,1
2,1,1,2,1
1,2,5,1,1,3
1,1,1,4,1,1,3
2,2,1,1,3
2,1,1,1,3,1
3,2,1,2,1
2,3,1,2,1
2,2,1,1,3
1,5,2,2,1,1
1,2,1,3,1,1
2,4,2,1,1,1
1,1,1,6,1,1
2,8,1,1,1
1,1,1,4,2,1
1,3,1,2,1
2,1,1,2,2,1
1,1,1,1,1,3,2

goal "0110110000000010100110110001010010000000001101110101010100011010101000101111011011011000101110000010101001111101001100010111101011010101101011101001011101010001111111101011110101000101110010000111111100001100000110110100000001111101111110101011000000101111111110001111000100101001100000110001011110010000111101101000011000100000110001011110010011011011001010010010110001100101000111001100101110101110"
