catalogue "generate.go with seed 245"
title "Random #245"
by "Michael Terry"
copyright "© 2015 Michael Terry"
license CC-BY-SA-4.0
height 20
width 20

rows
1,2,2,1,2,1
4,4,4,4
1,3,1,1,1,1,2,1
2,1,5,1,1
1,1,2,4,1,2
1,1,1,3,1,1
3,1,2,1,2,3,2
1,2,2,1,1,2
2,2,1,1,1,1,1
1,1,3,1,2,1,2
2,1,1,3
1,2,2,1,2,1,2
1,1,1,1,2,3
2,1,1,1
1,2,1
1,1,2,3
1,1,4,3,1
1,2,1,1,2,1,1
3,1,1,1,1,2,1
4,2,2,1,1

columns
4,1,1,1,4
2,1,3,2,2
1,1,1,1,1,4
4,1,1,2,1,1
1,1,1,2,1,1
2,1,2,2,1,1
2,2,1,1,1,1,1
8,1,1,3
1,1,1,1,2,1,1
1,1,1,1,1
4,2,2,1,2
2,1,2,1,1,1,1
6,1,2,4
2,2,1,1,1,2
1,1,2,1,1,1
1,1,3,1,2,3
2,1,2,2
2,2,1,3,1
2,2,2,4,2,2
1,5,1,1,1

goal "0101101100010110001011110111101111011110100111010010101011011101001111101000001010100011001111010110000101010000111001011110101101011011101101000001101101010011011001100010100101011000010111010110101100011010001000001110010011011010110101100101010010011000111000110000010000001001100011000000000100000000000100100011011110100111100111000010101100010010110100011110101000101011001011110000110110010010"
