catalogue "generate.go with seed 285"
title "Random #285"
by "Michael Terry"
copyright "© 2015 Michael Terry"
license CC-BY-SA-4.0
height 20
width 20

rows
6,2,1,1
1,3,1,1,1,1
2,1,1,2,1,3
1,2,1,1,3
1,1,1,3
5,1,1,2,5
5,1,3,1,1
3,1,2,1,2,1
2,1,1,2,1,1
2,1,1,3,2,1
2,2,2,2
3,1,3,2,1
1,2,1,1,2
1,3,1,1,2,1
2,1,6,1,1
2,1,3,1,3,1
2,7,2
4,1,1,1,1,1
3,4,1,4,1
1,2,2,1,3,1

columns
1,1,1,1,3,3
1,1,7,5
4,3,1,2,4
1,4,2,2,1,1
3,3,2,2,1,1
2,1,1,4,3
2,1,2,2,2
1,1,3,1
2,1,1,1,2,1
1,1,1,1,3
1,1,1,2,1,3
1,1,2,3,1,1
1,4,1,1,2
1,2,2,1,1,2
1,1,2,2,1,3
1,4,1,1,3,1
3,2,2,1,1
2,2,1,1,3
2,1,1,3,2,1,1
1,1,1,1,1,1

goal "1111110000001100101000101110001000101010011010101101000111000010000110101000011100001000010010111000011111001010110111111111101000011101010001110101101000110010110100100011001000100110101000011101101011011000000001101100011101000111001100010010110010010000011010011101000101100010110101111110000101001100101110100001110101100000011111110110111101000100001010011110111101001111001010110110100111000001"
