catalogue "generate.go with seed 231"
title "Random #231"
by "Michael Terry"
copyright "© 2015 Michael Terry"
license CC-BY-SA-4.0
height 20
width 20

rows
2,5,1,1,1
1,4,2,3
1,1,1,4,3
2,1,1,1,2,1
1,1,3,1,1,1
2,1,2,1,1,1,1,2
1,1,1,3,1,2
3,2,1,3,1,1
1,2,2,4,3
1,2,1,2,2
3,1,3,4,2
1,2,2,4,2
2,1,5,5
4,3,1,1
1,2,1,1,2,1
2,1,1,2,4
1,1,2,4,3
4,2,1,1,1
1,1,1,1,4,1,1,1
2,2,3,1,1

columns
6,2,1,2,1
1,1,1,1,2,1,1
2,1,3,5,3
1,1,1,3,3,1
1,4,1,2
1,6,1,1,1
2,2,1
3,1,1,6,1
2,4,4,1,2
1,1,1,1,1,2,1
3,1,1,2,1,1,2
2,2,1,5
1,4,2,2,2,1
1,1,4,1
1,1,6,1,3
2,1,1,3,2,1
6,2,1,1
1,1,1,1,1,2,1
4,5,3
1,1,2,1,1,1,2

goal "0110001111100001010100100111101101110000100010010111100011101101010000000101101010100111001000001010110101101000101010111010010111001001100011101100101110101000001011001101111001110101100000100110001111101000111011110110101100011000111100110011010111110011111011110001110010001000001011010000101100011101000100110001111010010001100111100111001111000001101010101010101011110010010100110001101110010001"
