catalogue "generate.go with seed 249"
title "Random #249"
by "Michael Terry"
copyright "© 2015 Michael Terry"
license CC-BY-SA-4.0
height 20
width 20

rows
4,1,2,5
1,3,1,4,1,1
1,1,1,1,2,1,4
1,1,1,2,1,3,4
1,1,2,5,1,1
2,1,1,1
1,1,1,3,4
2,2,2,6
1,3,1,1,2
2,3,1,2,1,2
1,1,2,1,1
2,2,1,1,1,2
3,2,3
1,1,2,1,1,1
2,5,4,1
1,2,2,1,1,1
1,1,2,1,1
1,1,2,1,2
2,1,2,6
3,1,4,1,1

columns
1,2,2,1
3,2,3,1,2
1,1,1,2,4,1
3,1,1,1,1,1,1
1,1,1,1,1,2,2,1
3,1,1,1,2,1
2,3,2,1,1
1,1,1,2,1,1
3,1,1,4,2
2,7,1
3,1,1,1
1,1,3,1,2,2
2,2,2,1,3
5,1,1,2,3
2,1,4,1,1
3,2,1,1,3
1,3,2,1,1,1
3,2,1,2,1
3,4,2,1
1,1,3,4,1,1

goal "1111010110001111100001011100100011110101010101001011010111101010101100101110111110010110011111001010011010010100000000000100001010011101111000011011000110111111100000111001001000111101110001000110101101000010011000100100011001100101000010110011100011000000011101001000110000010101001101111101111000010010110011010101000000101011001000000100001000001000110100111100100011011111100001110100001111010001"
