catalogue "generate.go with seed 220"
title "Random #220"
by "Michael Terry"
copyright "© 2015 Michael Terry"
license CC-BY-SA-4.0
height 20
width 20

rows
3,1,2,1,1,1
3,1,4,2
2,2,1,1,1,1,3
3,1,1,1,1,2
1,1,8,1,1
2,1,2,3,2
1,1,3,2,6
2,4,2,1,1,1,1
1,1,3,1,1,2
2,2,3,3,1
7,2,3
1,2,1,2,1,1,4
2,1,3,2
1,4,1,1,3
1,1,1,5,1,1,3
3,2,5
2,1,1,1,1
5,6
3,1,2,5
3,3,1,3,1

columns
3,1,1,2,1,3
3,4,1,3
2,1,6,3
1,4,1
3,2,1,3,1,1
2,7,2,1
1,1,3,2,4,1
1,1,1,1,1,2,1
1,1,3,2,1
1,2,3,4
1,2,1,2,2,1
6,1,1,1
1,1,2,5
5,2,1,2
1,4,3,1,3,1
1,2,2,2,4,3
1,5,3,1,3
2,1,3,1,1,1
1,2,2,1,2,1,2
7,2,1,1,1

goal "1110000101100101001011100010000111101100110011001001010101110000111001010101001100101001111111101001110000100011001110110100101110011011111111011110110010101001010001011100010010110011011001110111010011111110000000110111101101011010001011110011010011100001100000101111010100111000101010111110100101110000111001101111100000000110000010100101111110000001111110001110000100001101111111101110001000111010"
