catalogue "generate.go with seed 257"
title "Random #257"
by "Michael Terry"
copyright "© 2015 Michael Terry"
license CC-BY-SA-4.0
height 20
width 20

rows
1,1,1,7,1
5,3,2,1,3
2,2,1,2,5
1,5,1,1,2,3
1,1,1,4
1,1,1,5
2,1,3,4,1,2
3,1,1,1,1
6,3,1,1
1,1,1,3,1,1,2
1,1,3,1,1,2
1,1,1,1,1,1,1,1
4,2,1
5,2,2,3
2,2,1,1,3,2
1,2,1,1,1,1
2,2,1,5,1,1
2,2,2,2,1
2,1,1,1,1
1,1,4,1,2,1

columns
3,4,2,2
2,1,2,3,3
2,5,2,1
4,3,6,1
4,2,3
1,4,2,2,1
1,1,1,5
2,1,3,1,1,1
3,1,2,2,1,1,1
2,1,1,2,1,5
2,2,1,2,1
1,1,1,1,2
4,1,2,2,1
3,4,4,1
1,4,1,1,2
5,4,1,1,2
1,1,3,4,1,1
3,1,1,1,2,1
3,1,1
3,1,1,1,1,2

goal "0010101011111110100011111000111011010111110110001000110111111001111101001011011100010001001001111000010001000010011111000011010111011110101101110100001001000100111111011101000100001010100111001001001110100111001010110000100101001010000101010111100011000000100011111011000110011100110110101000111011000001001101010100100000110110010111110101110001101100011010001101000001000001000101000101111001011001"
