catalogue "generate.go with seed 244"
title "Random #244"
by "Michael Terry"
copyright "© 2015 Michael Terry"
license CC-BY-SA-4.0
height 20
width 20

rows
1,2,3,4,1
1,3,1,3,1,1,1
1,2,2,3,2
1,4,1,1,3,1,1
1,1,2,1,4
2,2,2,2,3,1
1,1,1,1,1,3,1
1,3,1,1,1
1,1,2,2,1
3,2,4,2,1
4,2,1,1,3,1
1,2,1,1,2,1,2,1
2,2,1,1,5
8,1,5,1
4,2,1,3,1
4,1,1,3,1
2,4,2,1,2
1,1,1,1,1,4
1,1,2,5,2,2
1,1,2,5

columns
2,1,2,4,2
1,1,2,1
6,2,1,1,1
1,1,1,3,5
4,5,4
5,3,2,1
1,1,3,1
1,5,1,3,4
3,2,2,1,1,1
1,1,1,4,1
3,1,1,1,4
2,1,3,2,2
4,2,1,2,3
4,1,2,2,1,1
1,1,1,1,3,1,1
2,2,12
5,3,1,2,3
3,1,2,1,2,2,1
1,1,1,3,2
1,4,1,3,1

goal "1001100111001111010010001110100111010101001011011001110011001011110100101110100100100101101000001111011011011011001110011010100101000001110110111000001001000100000010001001100110010001110110111101101011110110000101011101101101010110101100011100001100010101111111111111010111110100000111101100101110100111100101000011101000011001111011010110100100010010101111001010001101111101101100000100101100111110"
