catalogue "generate.go with seed 256"
title "Random #256"
by "Michael Terry"
copyright "© 2015 Michael Terry"
license CC-BY-SA-4.0
height 20
width 20

rows
1,4,3,3
1,2,1,3,1,1
1,5,1,2,2
1,2,4,1
1,1,1,2,1
2,2,1,3,2,1
1,2,2,1
1,1,1,1,6
1,2,2,2,1
3,1,1,1,1,6
2,2,1,1,2
2,5,1
4,2,2,3
1,3,2,1,6
4,1,1,2,1
3,1,2,3,1
2,2,1,1,4,1
3,1,3,1,4,1
1,2,2,5
1,3,5,2,2

columns
1,1,1,3
2,1,2,2,5
1,2,1,2,1
3,1
1,1,2,2,1,1
7,1,1,2,1,1
2,1,3,4
1,1,3,3,3,2
4,1,1,1,1,1
1,2,1,1,2,1
1,1,1,1,1,1,3
1,3,2,1,1,2
3,1,1,4,1,1
2,1,2,1,6
1,1,3,1,1,5
2,3,3,7
1,1,5,4,1,1
2,1,2,2,1,2
1,1,1,1,2,1,1,1,1
2,3,1,1

goal "0000010111101110111010001100100111000101010001111100100110110100011011110001000000000101000101100010011011010011100110010000010110000001100100001010010010111111000010011011011010001110010101010111111001100011000010010110000001100000111110011111001100011000111001011101101011111100001111010000010110101110001001100111010011000110010101111001111010111010111100100100001100110111110001011100111110110110"
