catalogue "generate.go with seed 214"
title "Random #214"
by "Michael Terry"
copyright "© 2015 Michael Terry"
license CC-BY-SA-4.0
height 20
width 20

rows
1,2,1,1,1
1,1,1,1,1,1,1
2,1,1,2,3
1,1,1
7,1,3,2
3,1,1,1,1,2
3,1,1,3,2
3,1,2,1,1,1
5,1,1,1,1,1
1,1,1,1,2,2,1
1,1,2,2,1,2
1,2,1,2,3,1
2,1,3,3,1,1
1,2,3,3,1
3,1,1,2,3,1,1
3,1,2,2,1
1,1,2,1,1,1,1,1
1,1,4,1,1,1,1
3,1,1,2,1,1,1
1,4,1,3,3,1

columns
2,1,1,2,1,4
3,1,1,3,1
2,3,2,3,1
1,7,1,1,1,1,1
1,1,5,1,1,2
2,2,1,1,1,1,1
1,1,4,1,1
1,1,6
2,1,1,2,3,2
1,1,4,2
1,1,2
1,1,4,1,3,1
1,4,1,3,2
2,1,1,1,3,1,2
3,2,1,1
1,1,1,1,1,1,2
1,1,1,2,2,2,1,1
6,1,2,2
2,1,2,1
3,1,3,2

goal "1001100010100000001010100100100101000010001101000100110111000001000000010000010011111110100011101100011101000100101001100111001010001110110000011101000110010101111110101001000010010010101010011001100101001011001101000110100110101100001110101100010111001110100101011001110111010000111001010110111010010011100100110000110110100001100101010101100101111001001010101110100001001101010110011110010111011101"
