catalogue "generate.go with seed 207"
title "Random #207"
by "Michael Terry"
copyright "© 2015 Michael Terry"
license CC-BY-SA-4.0
height 20
width 20

rows
1,1,1,3
2,6,2,1,1
1,2,4,1,1,1
1,1,1,3,3
4,4,3,3
2,1,2,2,1,2
3,2,1,1,1,2,1
3,1,1,1,1
1,2,1,2,5
1,4,2
1,3,2,4,1
1,3,1,4,2,2
1,3,2,6
1,4,2,4,2
2,1,4,1,1,1
1,2,1,3,1,1,1
1,1,7
3,1,3,1,2,2
1,1,1,2,1
1,4,3,2,2

columns
3,3,6
1,4,5,1
1,2,2,1,1,1
1,1,7,1
2,1,2,4,3
6,1,6,1
1,1,2,1
3,2,1,2,2,1
6,1,4,1
3,2,2,1
5,1,2,1,2
1,1,4,5,1
3,6,1,1
1,1,8
2,1,2,2,3
1,3,2,4
2,3,1,2,3,1
1,1,1,3,1,2,1
1,2,2,1,1,1,1
2,1,1,1,1,1

goal "0010000100100000111011011111101100001001100011011110010001011010010011100011100000111101111011101110110001011001100010111110011010101011010011101001000000010100010011000101101111100000000001011110001101011101101111000100010111010011110110110101110011001111110001011110110111100110110101111001010010001011010111010100100010010000001111111000111010111001001100111000100000100011010010111100001110011011"
