catalogue "generate.go with seed 229"
title "Random #229"
by "Michael Terry"
copyright "© 2015 Michael Terry"
license CC-BY-SA-4.0
height 20
width 20

rows
1,3,1,1,1,3
1,4,1,3
1,4,1,1,2,1
1,4,6,1,2
1,1,1,4,1,1,2,1
1,2,5,2,2,1
7,1,2,2,2
2,1,1,1,3
2,1,1,4,2,1
1,4,2,1,1
2,5,3,1,1,1
1,1,1,1,1,1,1
1,2,2,1,2
1,6,1,1,1,1
1,2,3,1,1,2
2,9,1,1
2,1,2,1
1,4,5,1,1
1,5,1,2
3,1,3,1,1,3

columns
1,3,1,1,3,1
1,1,1,5,2,2
1,3,1
3,4,1,1
7,1,1,4,3
1,2,1,1,1,1,2
1,6,2,3,2
5,3,3,2
2,2,1,1,1,1,1,2
5,2,1,2,1
2,1,2,5,2,2
2,1,1,3,1
4,2,1,1,1,1
1,1,2,3,1,1
4,1,1,1,1
1,1,2,1,4
1,7,1,1,2
3,1,1,1,2,1
1,1,3,1,1,2
1,4,1,7

goal "0100111010100101110000001001111000100111100011110101001101000100111101111110101110101011110010101101100110111110110110011111111000101101101100110010100000101110011010010011110110100100000111101100100111011111011101010100010100101010000100100101100001101001100010011111100101010001000010110011101010111101111111110000010111000000010000001101100111100011111010010100111110100000001111101001110010100111"
