catalogue "generate.go with seed 297"
title "Random #297"
by "Michael Terry"
copyright "© 2015 Michael Terry"
license CC-BY-SA-4.0
height 20
width 20

rows
5,1,2
1,1,1,1,2,2
2,1,3,1,2,2
2,1,5,7,1
6,2,1,2,1,2
1,1,2,3,1
2,1,1,2,4,2
1,5,1,2,2
2,8,2,1
1,3,1,1
2,1,2,1,1
3,2,1,7
1,3,1,1,2
3,1,1,2,1,1,3
1,2,1,2,1,2,1,1
2,3,1,3,1
3,1,4
1,3,1,4,1,1,2
1,1,4,1,1,3
1,2,1,1,2,1,1

columns
1,5,2,3,1,1
1,3,3,2,1
2,2,1,1,2,2,1
1,3,1,6
1,1,1,1,2,3
3,2,2,1,1
3,3,3,2
3,4,2,1
2,5,3,3
1,1,2,1,1,2,1,2
1,3,1,3
1,1,2,5,1
3,1,1,1,1
6,1,2,4,1
2,1,2,1,2,1,1
7,1,1,2
1,2,2,3,1
4,1,2,2
1,1,2,1,3,1,2
6,1,1,1,3

goal "1111100000000010110000100010010101100110110101110010110011001101011111011111110111111101101011010011101000000110011100011100010101101111001101001111100100011011011000111111110110011000001110000001001011001000110001000001011101101000111111101000111001000000101111101010110101001110101101011001011001010001100111010111001000111010001111000000101110101111001010110001010111100101011110110000100100110101"
