catalogue "generate.go with seed 212"
title "Random #212"
by "Michael Terry"
copyright "© 2015 Michael Terry"
license CC-BY-SA-4.0
height 20
width 20

rows
2,1,1,1,1
1,3,1,1,1,1,1
2,1,2,1,1,1,1,1
1,5,1,3,1,1
1,4,1,1,2,1,2
2,2,1,1,2
3,1,4,2
1,1,4,6,1
2,2,3,1
6,2,1,1,2
1,3,2,1,2,3
1,2,4,3
1,4,2,2
1,2,2,1,1,1
2,1,2,2,2,2
2,1,1,1,2
4,3,1,1,1
3,1,1,2,1,1
2,1,7
2,4,5,2,1,1

columns
5,2,1,3,1,1
1,2,2,1,4
1,1,1,4,4
7,2,2,2,1
2,3,2,3,2,1
3,2,1,1,1,1
4,2,1,1,1
1,2,2,1,1
1,1,2,2,1,2
2,4,1,1,1
2,4,2,1,1,1
2,1,1,1,2,1,1,2
1,1,1,2,1,2
4,1,1,3
2,2,1,3,3
1,4,3,1,1,2
1,3,1,1,1,1,1,1
1,2,1,3
3,1,2,4
2,1,2,1,1,1

goal "0001101001010000001010111010010100001010110101101010010100101001111100101110100110111100100101101011110110000010010110000111010011110011000010000101111011111101110000110111000100000111111011001000101110111001101000110111001000110011110111001011110000011011000010011000011000101010110010110001101101100011010010000000101101111000011101010010111010010000011001010110000010011111110011011110111110110101"
