catalogue "generate.go with seed 290"
title "Random #290"
by "Michael Terry"
copyright "© 2015 Michael Terry"
license CC-BY-SA-4.0
height 20
width 20

rows
1,1,1,1,1,1,1,1
2,3,2,3,1
1,1,1,2,1,1,1
2,1,3,1,3,2
3,2,6,1
1,1,1,2,5
2,1,1,2,3
2,1,3
1,2,1,1,1
1,1,1,2,5,2
1,3,1,2,1
2,1,2,1,2
1,3,4,3
1,4,1,2,3
1,1,9
2,1,1,2,1
6,2,1,1
3,3,2,3,1
1,1,1,1,2,1,1
1,5,3,1,1

columns
1,1,1,1,1
1,2,1,2,1
2,7,1,1
1,1,1,1,2,5
1,1,2,2,1
1,1,2,1,6
1,2,1,1,1,1
5,1,2,1,3
1,1,1,1,5
2,1,1,2,2
1,1,3,1,1,1
1,2,1,4,4
2,5,4,1,4
1,2,1,2,1,2
1,5,1,1,4,1
7,1,2,1
1,2,1,3
1,1,1,1,4,1
1,1,1,1,3
2,1,2,2,3,1

goal "1010101000101001010001100001110110111010000101010110010101000110101110001011101101110011000111111001101001011001111100000011000001001011011101100001000011100000001000000110000101011010010110111110001100010111001011000100110010000001101001100101110000111100011100010011110100110111010001001111111110000011010010000110000100011111100110100001000111011101100111010001010101011010100010111110001110001001"
