catalogue "generate.go with seed 253"
title "Random #253"
by "Michael Terry"
copyright "© 2015 Michael Terry"
license CC-BY-SA-4.0
height 20
width 20

rows
4,3,2,1
1,2,2,2
1,2,1,2,3,1
1,3,1,1,1,2
2,1,2,4
3,1,1,2,4,3
8,1,1,1
4,8,1,1,1
1,1,3,3,3
1,1,9,1,2
1,3,2,1,3
1,2,2,2,1,1
2,1,1,2
1,1,3,2,4
1,2,2,1,3,4
3,4,1,2,1
2,2,1,2,1,1
3,2,1,5
2,1,4
2,3,2,3,1

columns
1,1,3,3,2,1
1,1,4,5,1
1,6,1,1,1
1,1,2,2,2,1
1,5,1,1,4,1
1,1,1,2,1,1
2,1,3,2,3,1,1
1,1,6,5,1
1,1,7,1
1,5,1
1,1,1,1,1,1,2
3,2,2,2,1
1,2,4,2
1,3,2,5,1
1,1,2,1,2,2,1
4,1,1,1,3
1,1,2,2
1,1,2,2,6
3,1,3,3,2
1,1,3,6,1,1

goal "0111101110000110010010000110001100000011010110000101101110101000111000010101001101101001100011110000111010100110111101111111111101010000000111110011111111010101001001011100111011101010111111111001001110000011100110100111100011011000001101010110000010000100001101010011100011001111010110110010111011111110111100010110010011011001001101000100001110110100000111111100000000100001111000011011101101110001"
