catalogue "generate.go with seed 233"
title "Random #233"
by "Michael Terry"
copyright "© 2015 Michael Terry"
license CC-BY-SA-4.0
height 20
width 20

rows
8,2,1
1,3,1,1,1,1,1,1
1,1,3,3,1,1
1,2,6,1,1
2,1,1,1,1,1,1,2
8,3,2
1,3,1,1,2,1
2,4,4,3,1
1,1,1,2,1,2
1,1,2,1,6,1
1,4,1,2,4,1
1,1,1,2,1,5,1
3,4,3,1,1
2,1,2,1,1,1,1,2
1,1,4,1,4,1
1,5,2,2,1
1,2,1,1,4
4,1,2,1
1,1,2,1,1,2
1,1,1,4,3,5

columns
4,4,4,1
3,2,1,2
1,1,1,1,2,1,1,1,1
2,3,1,4,1,1
3,3,2,2,1,1
2,4,2,4,1
1,2,3,5,1,1
6,4,1,6
1,2,1,2,1,1
1,2,2,2,1,1
1,1,4,1,1,2
2,3,1,5,2
2,1,1,2,1,2,1
1,1,1,3,1,3
1,10
2,1,2,3,1,1,2
3,1,2,1,1
1,3,1,1,1,1,2
1,1,1,2,1,2
1,1,1,1,6,1,1

goal "0111111110000110001001011101010010010101010010111001110100101011001111110000010111010101010001010110111111110011100011001000111010010001100101101111011110111010100100010110001000111010110100111111010010111101011011110001100100101101011111010111011110111010000111010110010100101011101011110001001111011000111110110110000110110001000010111100000011110010110000010001000100110101011010101011110111011111"
