catalogue "generate.go with seed 217"
title "Random #217"
by "Michael Terry"
copyright "© 2015 Michael Terry"
license CC-BY-SA-4.0
height 20
width 20

rows
7,2,1,1,1
1,1,1,1,1,1,1,1
2,1,1,1,3,2,2
1,1,1,2,1
3,2,1,3
4,2,1,3
1,8,1,1,1
1,1,2,1,1,1,3
1,2,1,3
1,3,3,2,2
1,1,1,1,2,1
1,2,6,1
5,3,2
1,2,3,3,1,2
1,2,1,2,1
4,2,1,3,2
1,1,1,1,1,1,3,2
3,1,2,2,4,1
1,3,2,1,1,2
1,2,1,2,2

columns
2,2,2,1
1,3,5
2,1,2,1,1,1
1,5,1,3
2,4,1,2,1
1,3,8
1,5,1,2,2,2
2,1,4,2,2
2,3,4,1,1
1,2,1,1,1
2,2,1,1,2,3
1,2,2,2,3,1,2
2,1,1,3,2,2
1,1,1,1,2,1
2,3,1,4
3,2,1,1,1,2,1
2,4,1,4
6,2,1
1,1,2,2,4
3,1,1,1,1

goal "0111111100110101000110101001001010010001110100100101110110110101001000110000100001110011001001110000000111101101001110001011111111010000101010101101001010011100000010011001000011101000001110111011011010001000100000101101000101100111111001000000111110111000011000101101110111010011010001101000011001001111011010111000110001010101001010111011011101011011011110100100111000011010101100000010110010110110"
