catalogue "generate.go with seed 209"
title "Random #209"
by "Michael Terry"
copyright "© 2015 Michael Terry"
license CC-BY-SA-4.0
height 20
width 20

rows
2,4,3,1,3
1,1,3,1,1,2
1,5,7,1
4,2,2
4,1,3,1,1
4,2,2
4,1,2
2,2,4,1,1
3,1,1,1,1,1
3,2,3,3
1,1,1,1,1,1,1
1,2,1,1,1,1,1,1
1,1,1,1,5
4,1,1,3,1,1,1
1,2,1,1,5,1,1
2,1,2,1
1,1,1,3,5
1,1,1,1,4
3,1,1,1,3,2
2,2,1,3

columns
2,1,1,7,1
1,1,1,1,2,1,1
1,1,6,1,5
1,1,4,5,2
4,1,1,1
4,2,1,1,1
6,1,3,1,2
2,3,2,2
1,1
1,1,2,1,3,1
1,1,2,2,1,1,2
1,1,1,5,1
2,1,1,1,3,1
3,3,1,1
1,2,2,3
5,2,1,4
1,1,1,1,4
1,1,2,2,3,2,1
2,3,1,2,1
2,1,2,4,1

goal "1101111001110001011110101110000001010011010111110111111101000000111100001101100011110010111000010010000111100110000001101111010000000000011000110011001111001001111010010010010001001110001100001110011110100010010000101001101100101010100100101001000100010001111111110101001110100101100110100101111101010011000001011000000110100001011101111100001001010010001111000111001001010011101100110110000010011100"
