catalogue "generate.go with seed 213"
title "Random #213"
by "Michael Terry"
copyright "© 2015 Michael Terry"
license CC-BY-SA-4.0
height 20
width 20

rows
1,3,1,1
1,3,3,1,2,1,1
3,1,1,3,1
1,3,1,1,2,1
2,1,3,1,2,1
3,2,1,3,1
1,1,1,3,1,4,1
1,1,1,4,1
2,1,1,1,2,2
1,2,5,5
3,1,1,2,1,1,1
1,1,7,1
1,2,1,1,1
1,1,1,1,3,2
2,4,1,1
3,1,2,1,1,1
1,1,5,1
3,1,1,1,1
1,3,4,2,2
2,3,4,2

columns
2,4,1
2,1,1,1,2,1,1,1
2,1,1,2,1,2,2
4,2,2,3,3
1,3,1,2,2
2,1,2,3
1,2,1,1,1,2
2,5,1,1
1,1,3,1,6,1
1,4,1,2,1,2
3,2,2,4
2,5,2,1
1,2,2,1,1,1
1,1,2,2,2,1
2,3,1,1,1,1
3,2,2,2
3,1,2,2
1,1,1,1,2,1
2,1,1,1,4
1,4,1,2

goal "0001011100000101000001011101110010110101011100100010011100101011101010110000001011001000011100101101001110001100101110010101010011101011110110101001111000000001110101010001100001101011011111011111000011101001001101010010010010111111100010000010000011010100010001010100100011101100001101111000000010100111010011010000010100000010101111100010011100100010010000101011100111100001101100011000011101111011"
