catalogue "generate.go with seed 292"
title "Random #292"
by "Michael Terry"
copyright "© 2015 Michael Terry"
license CC-BY-SA-4.0
height 20
width 20

rows
8,2,1,1
1,1,1,3,4
1,1,5,3,2
4,1,1,1,4,2
1,1,2,1,1
1,8,1,1
3,1,4,1,1,1
5,1,1,2,2
5,2,2,2
1,3,4,5
1,1,1,2,1,2
3,1,1,1,2,3
1,9,6
1,6,4,1,1
2,1,4,3,3
2,3,2,2,3
2,2,1,1,2,1
1,1,1,1,1,3,2
1,1,4,1,1,1,1
2,5,1,3,1

columns
2,2,1,1,3,1
2,2,1,4,1
2,5,1,2
2,2,2,5,1
1,1,5,2,2,1
3,1,10,1
1,2,1,2,3,2
3,1,1,1,8
1,1,2,4,2
2,1,2,2,2
2,2,2,2,1
7,5,1,2
1,1,1,2,3,1
1,2,9,1
1,1,1,2,4,1
1,1,1,2,1,5
2,2,2,5,1,1
2,1,4,1
2,8,2,1
1,7,2

goal "0001111111101100100100010101011100111100101011111001110001101111001001010111101101010000000110001001001011111111000001011110100011110101000111111001000101100011001111100000110110110010111000111101111110000101001101000110011101000101011011101001111111110111111001011111101111001010110101111000111011101101110110011011100011001101001000110010000101010100101110111010001111010101000101101111100100111010"
