catalogue "generate.go with seed 279"
title "Random #279"
by "Michael Terry"
copyright "© 2015 Michael Terry"
license CC-BY-SA-4.0
height 20
width 20

rows
1,3,1,1,1,1
1,1,1,3,1,1
2,1,1,2,1
1,2,1,4
1,1,1,2,2
1,1,5,2,2
1,2,1,1,1,4
2,2,2,1,1
1,1,2,1,4,4
1,4,3,3
1,3,2,2,4
1,1,2,1,4,4
3,1,6,2,1
6,3,1
5,4,5,1
4,1,1,1
1,7,1,1
2,1,4
2,1,1,1,2,1,1
2,1,1,4,1

columns
2,1,3,4,1,2
1,2,3,1,1
1,5,1
1,5,3,1
1,2,1,1,4,1
1,1,1,2,3,3
3,2,3,2,1,1
1,1,1,4,1,1
3,1,1,2,1,3,2
2,1,1,1,1
3,1,1,1,2
1,1,6
3,3,4
3,1,4,2,2
3,1,2,1,4
2,2,3,1,1
1,5,2,3
1,1,4,2
2,5,2
3,4,2,2

goal "1000111010000001010110000010100111010001000110101000110000011000110100011110000001010010011000110000100100111110001100111011010000100100111111011001100010000001010101100101111011111000011110011100111010000011101101101111101011010001111011111110010111111001101001111110000111010000111110111100111110100011110010000000101010001111111000100100110001000000001111000001101010100110100101100000101001111001"
