catalogue "generate.go with seed 239"
title "Random #239"
by "Michael Terry"
copyright "© 2015 Michael Terry"
license CC-BY-SA-4.0
height 20
width 20

rows
1,1,3,3
1,4,1,1,1
1,3,2,1,3
1,2,3,1,1
1,1,2,1,2,1
1,2,1,2,1
2,1,1,1,1,1
1,1,1
1,3,3,1
1,1,1,2,1,3,3
3,2,1,6,2,1
3,3,6,1
3,1,1,2,2,1
2,1,3,1,1,3
2,3,1,5
1,1,1,1,2,1
1,2,2,1,1,1,1
3,2,2,1,1,1
1,1,4,1,3
5,1,1

columns
1,2,1,1,2,2
1,2,6,1
1,1,3,3,1
2,4,1,1,1,1,2
2,1,1,2,1
2,2,2,2,1
3,1,2,3,5
1,2,1,2,1
3,4,1,3
1,1,3,1,2
2,1,5,1
1,4,1,1,1
1,2,2,1,1
1,1,1,4,2,2
1,5
1,1,2,3,1
1,1,4,2
4,1,2,4,1
1,1,1,1,1,1,1
1,1,3,1,4

goal "0001000100111000111010111100101000000100010011101100010001111011001110000001010010010011010011000010010110000000101101001101001010000100000100000000101000100000010000111000011100010101001011010111011111101101011111101101011101110111111000101110001010110001100111010111001001011100000011000111010111110010101000001000110110110110000100010101111001101100010010010001001011110100111000111110100010000000"
