catalogue "generate.go with seed 221"
title "Random #221"
by "Michael Terry"
copyright "© 2015 Michael Terry"
license CC-BY-SA-4.0
height 20
width 20

rows
1,1,1,1,2
1,1,1,2,1,2,1
2,2,1,1,2,2,1
3,3,2,6
2,1,1,2,4
1,1,5,1,4,1
1,1,1,5,1,3
1,1,2,1,3,1,1
2,1,4,4,1
3,1,1,2
1,2,1,2,1,2
1,1,3,2,3,1,1
4,2,6
1,5,2,1,3
4,1,4,3
2,2,1,3,2
1,1,2,1,2,2,1
1,6,4,2
1,1,1,1,1,1
1,3,2,2,1,1

columns
1,1,3,1,2,2
4,2,2,1,1
1,4,1,1,1
1,1,1,3,2
2,1,1,2,1,1
1,1,1,6
2,2,1,5,1
1,1,2,1,2,1,1
7,1,1,1
4,2,2,1
2,3,1,2,1
2,2,3,2,1,2
1,2,1,2,2,1
2,1,3,1,3
2,4,2,4,1
1,1,1,2,1,6
6,1,2,1,1,1
10,3
1,2,1,2,4,1,1
5,2,9

goal "1000100000010001011001001000101101001101110001101010011011010111001110011011111111000100101100001111100100111110101111011010001011111010111000101000110101110101001100010111101111011110000100000100011001011000010011010011100101110110111010011111000000110011111101001111100110010111000011110100111101110110011001000011101110010110100110110001101111110000011110110100010001010100000100001011101101101010"
