catalogue "generate.go with seed 241"
title "Random #241"
by "Michael Terry"
copyright "© 2015 Michael Terry"
license CC-BY-SA-4.0
height 20
width 20

rows
5,2,3
1,5,1,1,4
2,1,9,1
1,1,1,1,1,1
4,1,3,1,1,1,1
3,3,2,1,2,1
2,1,3,1,1,1
3,4,1,1,2
1,1,5,1,4
3,1,1,2,2
2,3,3,1,3
1,1,1,1,1,1
4,2,2,1
1,1,1,1,2,1
2,3,1,1,1,3
3,1,3,3,2,1
2,2,1,2
2,1,1,1,1
2,2,2,3
5,2,8

columns
1,1,2,1,1,2
5,1,3,6
1,2,3,4,1,1
1,4,1,1,1
2,1,1,5,2,1
2,2,1,2,1,3
2,1,4,1,1,1
2,1,3,2,1,1
1,3,1,1,3,1
5,1,4,1,1
1,3,3,2,1,1
1,2,1,1,2
3,1,1,2
1,1,3,2,1,1,2,1
1,2,5,1
2,5,2
3,1,1,1,2,2
5,1,1,2,3,2
2,1,2,1,1,1
3,1,1,1

goal "0000011111001100111001011111010010011110011010000111111111010101001001000000010111110100011101010101011101110011010110100001101011100101010011100111100010010011001010111110010111101110010101100110000011001110111000101110010010010100010001000011110110110000000110101000001001100100011011101001001011100111010011101110110111001100100001100000011010010010001000001100000011011001110011111011000111111110"
