catalogue "generate.go with seed 268"
title "Random #268"
by "Michael Terry"
copyright "© 2015 Michael Terry"
license CC-BY-SA-4.0
height 20
width 20

rows
2,3,3,2
2,2,1,1,1,4
1,2,1,1,2
3,2,1,3
2,4,1,1,2
2,4,3,1,4
1,3,4,1,1,1
1,2,2,5
3,2,1,2
1,1,1,1,2,1,1
1,2,1,3,2,1
2,4,3,1,2
1,1,1
2,1,3,2,1
1,6,1,2
1,2,1,1,1,1
4,2,1,1
1,1,3,1,3
4,3,1,1,1
3,2,1,1,1,1,1

columns
1,3,1,2,3
3,2,1,1,1,1,2
1,1,2,1,2
1,1,2,1,1,1
2,1,2,1,1,3
4,4,3,2,1
1,1,2,3,1,2
5,1,3,1
2,2,2,2,2,1,1
1,1,3,2,1,1
1,5,2,1,2
1,1,1,1,1,2,1,1
1,1,1,2,1,3
2,1,1,2,1,1
1,4,2,3
1,1,1,2,1,1
5,1,2,1,1
3,3,1,1,1
1,2,1,2,1
1,1,3,1

goal "1100111011101100000001101100100101011110010001100100100011000001110110010001110011000011110000101011110011110111010111101001110111101000010100000101101101111100111011000010001100000001001010100110100100010110100011101101011011110011100100110010010000100000000011010001110110100000100000111111001001100100110100000101001000111100110010100000100010000011101011101111001110101010000011100110010101001001"
