catalogue "generate.go with seed 247"
title "Random #247"
by "Michael Terry"
copyright "© 2015 Michael Terry"
license CC-BY-SA-4.0
height 20
width 20

rows
5,1,2,1
1,1,4,2,1
3,3,2,1
1,3,1,1,2,1
2,2,6,1,1
4,3,3,1
5,2,3,2,1
1,2,2,1,1
1,1,9
1,2,2,1,2,2
1,1,2,2
1,1,1,8,1
8,5,3
1,1,2,1,1
2,1,2,5,3
2,1,2,4,1,1
5,1,3,1,1
1,1,1,4,2
1,1,2,1,1,1
2,1,3,1

columns
1,1,3,1,3
5,1,2,1,1,1
1,1,3,5
1,2,2,1,1,1,1
1,5,4,3
7,3,1,1
1,1,2,3
6,2,2,3
2,3,1,1,1,1
2,2,1,3,1,1
2,1,1,4,3,1
1,3,1,2,2
1,3,2,2,3,1
1,1,5,4,2
1,1,1,1,2
3,1,1,1,3
1,1,2,1,1,1
2,6,3,2
1,1,1,2,1
1,1,1,4,1

goal "1111101011000010000001000101111011000001011101110011000100000101110100000101100111001101111110010100001111011101110001000111110110011101101000101100011001000100010000010001111111110101100110101100110000101000011000000110101010011111111001001111111101111101110010100110000001000010001101011011111001111100101101111000010100011111001011100101100010100000011110111000010001101001010011000000100000011101"
