catalogue "generate.go with seed 264"
title "Random #264"
by "Michael Terry"
copyright "© 2015 Michael Terry"
license CC-BY-SA-4.0
height 20
width 20

rows
2,1,3,8
3,1,1,1
1,1,1,2,2,2,1
1,2,1,1,1,1
3,1,4,2,1
1,2,1,2,1,2
4,1,2,3
2,2,1
3,1,2,1
3,1,3,1,1,3
2,3,1,4,3,1
1,5,3,1,1
1,3,1,1,1,1
4,1,3,3
2,1,6,1,3
1,1,2,2,1,1
2,4,3,3,1
1,1,5,1,1
1,2,1,2,3,2
7,3,1,1

columns
1,4,2,1,6
1,1,4,1,1,1
6,1
3,4,4,4
2,2,1,5,1,2
1,2,5,3,1
1,1,1,1,2,2,1
1,1,1,1,2
1,1,1,2,6
1,2,2,4,1
1,2,3,1,3,1,1
3,1,1,3,3,2
1,1,1,1,2,1,1,2
1,1,1,4,1,1
1,1,2,1,1,1
5,2,1,2,3
1,2,1,4,1
2,2,3,2,1
1,1,1,1
2,3,2,1

goal "1100101110111111110000011100000100010100100100101101101100101001100000100101000111101000011110110001101101001100001011000011110000101101110000110000001100010000011100100110001000001110010111010100011111011100101111011101010111110001110001011001110010100101000000011110101110011100110010111111010011101000010011011000100111011110111000111001100101111100100100001001100100011011101111111110011101000100"
