catalogue "generate.go with seed 294"
title "Random #294"
by "Michael Terry"
copyright "© 2015 Michael Terry"
license CC-BY-SA-4.0
height 20
width 20

rows
1,2,2,1,4,1,1
1,1,1,2,1,3
3,3,2,7
1,1,2,1,1,1
2,3,1,1,1,1
1,11,2
1,2,4,1,2,2
3,1,3,1,1,2
1,2,1,1,2,1,1
6,1,1,4
2,1,2,1,1,1,2,3
2,1,3,2,1
5,1,1,1,1
1,2,2,1,3
1,1,4,1,1,1
2,1,1,3,2,1,1
4,3,4,1
2,2,2,1,4,2
3,2,1,5,1,1
3,1,2,2,1,1

columns
2,6,2,2
4,1,5,1,2
1,1,1,4,1,2
1,1,1,3,1,1,1,1
2,1,1,1,3
2,1,5,2,1,1
1,1,3,1,5,1
1,1,3,1,1,3
1,5,3,1,1,1
1,2,1,2,2,3
1,2,3,1,2,1
1,1,1,2,2
2,3,1,2,3,2
3,2,1,1,2
1,1,1,1,1,1,3
3,2,1,2,5
2,3,1,3,2,1
3,1,2,4,1
2,2,1,2,2,1,1
4,1,5,3

goal "1011001101001111010110000100100011010111011101110110011111110100100011010000100101101110100010010010010000111111111110111011011110101100110011100101110000101011101101000100110100011111110100100000111111010110101010110111110000001011100110010111110010000100101001000110011000101110100100111100100101001100101000111011010100000111101110111101110110110100011110111110110101111101010000111010110110001010"
