catalogue "generate.go with seed 222"
title "Random #222"
by "Michael Terry"
copyright "© 2015 Michael Terry"
license CC-BY-SA-4.0
height 20
width 20

rows
1,1,1,1,3,4
1,2,1,1,1,1
1,1,1,1,1,2
1,3,1,2,2
3,1,1,3,2
1,3,2,1,1,1
3,5,2,3
4,4,1,2,1
1,2,4,1,3
2,2,3,2
1,3,1,1,2
1,3,4,1,2,2
4,3,1,1,2,1
1,1,1,1,2
2,1,3,1,5
1,6,1,1
5,4,2
1,1,2,2
2,4,1,1,2,1
5,1,4,3

columns
1,2,3,1,2,1
1,1,1,3,2
1,4,1,1,2
1,2,1,1,1,1,1
1,2,3,1,1,2
1,1,8,1
2,2,4,1,3
3,1,1,1,1,1
2,2,1,1,2,1
1,2,3,3,2,1
1,1,5,1,1,1
2,3,1,6
5,3,1,3,1
1,2,1,1,1,2
1,1,1,1,1,2
1,1,3,1,2,2,1
1,2,1,1,4,1,1
1,1,2,1,3,1
2,2,1,1,3,1,2
1,2,3,2,1

goal "1000101000101110111100010110010010010010010010001000101011000000100011101001101111100001010111000011100001110011010101000011101111100011011100111100111101011001001011000111101001110011011000111001100010000111010010000011100011101111010110111111011101001001101000000100101000101100110101110001000111110100000011111101010011111011110110000000100000100001100110000110111101010110001011111000100111101110"
