catalogue "generate.go with seed 210"
title "Random #210"
by "Michael Terry"
copyright "© 2015 Michael Terry"
license CC-BY-SA-4.0
height 20
width 20

rows
3,3,3,1
1,3,2,3,3,2
1,2,1,2
1,3,1,1,2,3
4,1,1,1,1
1,1,5,4
2,1,2,2,4,1
3,2,3,1,1,1
1,1,1,3,2,1
1,3,3,1,1,2
1,1,2,1,3,4
2,2,4,1,3,3
2,1,2,1,2,1,1
1,2,1,1,2
1,2,1,4,1
1,7,8
3,2,1
1,1,1,2,1,2
3,3,3,3
1,2,1,1,1

columns
1,1,2,2,1,2
1,4,2,1,2
1,2,1,1,2
2,3,1,1,1,1,1
5,3,2,2
1,1,1,4,4,2
1,1,3,1,1,1
1,1,1,2,2
1,3,1,2,3
1,5,3,2
1,2,4
2,2,1,2,1,1
2,3,2,3,2
1,2,3,3,2
1,1,7,3,1
3,1,1,1,1,2,1
3,3,1,1,2,1
1,1,2,1,2,3,2
1,1,1,3,1,1,2
2,1,3,4,1,1

goal "0001110000011101110110111001101110111011010011000000010110001011101001000110011100111101001010010000100100001111100011111100010011011011110101110110111000101001010001010111001101000100111011101010001100101011001011101111110110111101011101111100010011010110100100010110010010000110100011001000111101000101111111011111111000000001110001101000101001000001100100111110111000001110111001011000000001000101"
