catalogue "generate.go with seed 201"
title "Random #201"
by "Michael Terry"
copyright "© 2015 Michael Terry"
license CC-BY-SA-4.0
height 20
width 20

rows
1,4,2,2
2,1,1,2,1,4
1,2,4,1,1,1
1,5,1,1
3,1,1,2
1,1,1,1,1,2,1,1
1,2,3,7,1
1,5,3,3
5,1,2,1,1
1,4,2,1,2
1,1,2,2,1,2
4,1,1,3,1,1
1,3,1,1,2,2,1
2,2,2,1,1
2,1,1,3,7
1,1,3,9
1,1,3,1,1,1,1,1
2,1,8,1
1,2,1,1,1,1,1
1,1,2,1,1,2

columns
2,3,1,2,5
2,1,2,4,1
1,2,4,1,1,1
3,1,1,1,1,2
1,1,2,1,1,3,1
1,1,2,2,3,1
1,1,3,1,1,3
2,4,1,1,2
2,2,6,1
2,2,1,1,1
1,1,1,2,1,1,3
4,1,1,3
1,3,1,1,1,3
3,5,2,4
1,1,2,2,2,1,1
1,2,1,2,5,1
1,1,2,1,1,2,2
3,1,2,3,4
2,1,1,2,2
1,1,1,2,2,2

goal "0101111000000110011011010001001101011110101100111101010001000000100011111010000111100100000100001100101010100010110100101001101110011111110101000011111011101110111110010110010100000010011110001100101110101100110000010110111100001001011101010100111010100110110101101101100010010000110010101110011111111001011100011111111110101110010101010100110001000011111111011011000100101000100100010101101010110000"
