catalogue "generate.go with seed 237"
title "Random #237"
by "Michael Terry"
copyright "© 2015 Michael Terry"
license CC-BY-SA-4.0
height 20
width 20

rows
2,4,2,2
1,2,1,4,4
1,2,1,1,4,1
2,1,1,1,3
2,1,1,1,1
1,1,1,1,1,1
1,6,2,1,1
1,1,1,2,3,3
1,2,6,3,1
1,1,2,1
1,4,2,6
1,7,2,1,3
2,1,1,1,1,1,3,2
4,1,4,1
2,2,1,2,1,1
1,1,1,3,1,1,1
1,7,1,3,2
1,1,2,1,1,1
5,1,3,3,1
4,4,10

columns
4,2,3,1
3,1,1,1,1,1
1,2,1,2,2
2,2,1,3,1,2
3,1,1,2,1,6
1,2,1,5,1,2
4,2,2,1,2
1,2,3,2,1
1,2,4
1,2,2,1
1,5,4,2
1,3,1,2,2,2
2,2,5,3
4,3,2,1,1
2,1,1,5,2,2
3,1,3,3,4
2,1,2,3,1,2
2,1,2,2,2,1
1,1,1,3,4
4,3,1,2,1

goal "0110111101100000110001011010000111101111010110100100111100010000011001000101011100001100000101010001100100100001001010001011111100110101000010100001011011101110100110001111110111010000100000100011000101000111101100111111100111111101101011101101010100101011101100111100001011110100110011000010110101001010100000111010100110111111100101110011010010011000100100100011111010111011101011110111101111111111"
