catalogue "generate.go with seed 288"
title "Random #288"
by "Michael Terry"
copyright "© 2015 Michael Terry"
license CC-BY-SA-4.0
height 20
width 20

rows
1,1,4,1,4,1
3,1,1,2,3
2,4,1,1,1,1,1
1,3,1,1,4
1,1,1,1,1,4,1
3,2,2,1,1,1
3,1,1,1,1,2
2,1,3,1,2
3,1,3,2,2
2,1,2,1
1,1,1,2,1,1
10,3,2
1,1,1,1,1,1,3
1,3,1,1,1,4,1
2,2,2,1,3
2,2,3,2
3,7,1,3
1,4,2,1,1,1,1
1,1,1,1,3
2,1,4,1,1,1,1

columns
2,1,2,3,4,1,1
2,5,3,2
2,5,1,1,2
1,3,5
1,4,1,2,3,1
1,2,1,1,1,1
1,3,1,3,1,2
1,1,1,1,1,2,1
1,1,1,1,3,4
1,2,1,2,2,1
1,2,2,1,2
1,1,1,2,1,3,1
1,1,2,3,1
3,1,2,1,1,1
2,2,1,3
1,1,1,1,1,1,2,1
1,2,2,1,1,1
5,1,8
1,1,2,3,1,1,1
6,1,4,4

goal "1001011110100111100111101000010001100111011001111001010101011000111000001010111100101010010100111101111011001100100001011110100100010101100001100010111000001011111010000011101101101100000100011000100010001010011001000010001111111111011100111001001010001010011110111000101010111101110011000000110101111101100001110000110001110011111110010111101111011001010001010101001010000000011111010011110101000101"
