catalogue "generate.go with seed 243"
title "Random #243"
by "Michael Terry"
copyright "© 2015 Michael Terry"
license CC-BY-SA-4.0
height 20
width 20

rows
3,2,2,1,2,1
1,1,2,1,1,1,1,2
1,2,1,2,1,1
3,4,3,4
3,2,2,2,1,1
2,2,1,2,3,2
2,1,2,4,1,1
1,9,1,2
1,1,1,1,2,2
2,1,9
1,6,2,1,2
2,2,3,2,1,1,1
3,2,4,3,1
1,2,1,1,5
6,1,3,1
5,5,1,2
1,6,2,1
4,11
1,1,1,1,3
1,1,1,1,3,1

columns
2,1,2,1,2,1,1
1,5,1,5,2
1,3,1,1,4
1,5,1,2,1
1,1,1,1,4,1
4,2,5,1,1
8,7
1,2,1,2,2
1,1,4,4
2,4,3,3,1
1,5,4,1,1
1,2,2,1,3,2
1,1,3,3
1,1,3,2,3
3,2,3,2,1
1,2,8,1,1
1,3,1,2,1,3
2,7,4
1,3,4,2
4,3,2,1

goal "1110110110010110000110010110001010101011001001100100001101011110111101110000111101110011001101101010110110100110001110111101011001111001000101011111111100100011100100100100001101100110000100111111111000010111111011010110110001101110110101011110011011110001110101000110100101111100011111100001011101001111101111101001100000101111110110000100011110001111111111100100010010000100111010001000010001011101"
