catalogue "generate.go with seed 274"
title "Random #274"
by "Michael Terry"
copyright "© 2015 Michael Terry"
license CC-BY-SA-4.0
height 20
width 20

rows
1,1,1,1,1
1,2,1,2,2,1
3,1,5,2
1,1,2,1,1,1
1,1,5,1,4,1
1,3,3,3
1,1,1,1,1,3,2,2
1,2,3,2,1,2
3,3,1
5,2,1,1
1,2,1,3,4
1,1,1,1
2,1,4,3
3,2,2,2,2,1
1,2,1,2,2,1,3
1,3,3,2,2,1
1,2,3,1,1,2
1,2,1,2,2
1,1,1,2,2,1,1
1,3,6,1,1

columns
1,1,9
1,4,1,2,2
2,2,2,2,2
1,5,4
2,4,1,1
1,2,2,1,3,1
3,2,2
1,2,2,1,3,1
2,3,2,5
3,1,4,3,1
4,4,2
2,5,2,2
1,2,1,3,1
1,1,1,4,2,1
2,2,1,1,3
2,1,1,1,4,1
5,1,2,1,1,1
1,1,1,1,3,1
1,1,3,1,1,1
1,2,1,2,3

goal "0100100010100001000000101100101100011010111000010111110011000100010001100010101001010111110101111001010000111011100011101010101010111011001100101100011101101011000111000011100001001111100110000000100110110101110000011110100100000100010000001101001111000111000011100110110011011001101101011000110101111001110111011011010010110001110101001100101100000100011000110100101000110011010101000111011111101001"
