catalogue "generate.go with seed 270"
title "Random #270"
by "Michael Terry"
copyright "© 2015 Michael Terry"
license CC-BY-SA-4.0
height 20
width 20

rows
1,2,1,2,1,1,2,1
1,1,2,2,1
3,1,3,1,1,6
1,3,1,1,3,1
2,1,2,1,1
5,3,1,3
3,2,1,1,3,2
1,1,1,2,6,1
2,4,3,1,2
2,4,1,2
1,2,1,2,3,1,2
4,2,2,4
3,1,1,1
1,3,6,1
2,5,3,1,1
2,3,1,1
1,1,1,3,1,1,1
4,3,3,1,3
5,1,3,2,1
1,1,2,2,2,1,1

columns
4,2,3,2,1,1
1,6,2,1,1
2,3,3,1,4
1,1,5,2
7,2,1,1,4
2,1,1,3,2,3
1,1,2,4
1,1,4,1,1,2
4,2,1,1,2
1,1,2,1,4
1,2,3,1,2,2
1,3,1,1,2
3,5,2,1
3,2,7
1,1,1,3,1,3,2
2,3,4,3
6,1,1,2
1,2,4,2,1
1,1,1,1,1,1,1
1,2,1,1,4

goal "1000110101101010110110101100000110001000111010111010101111111001110010100001110101101001100000101000111110111000010111001110110100100111011001010001011011111101110111100011101001101101111010011000000010110100110111010011011110110110111100001110001010000001000010001110000111111010011001111100111001010000000000110111010110101000111001010001001111011101110101110111110101110110100010101100011001101010"
