catalogue "generate.go with seed 300"
title "Random #300"
by "Michael Terry"
copyright "© 2015 Michael Terry"
license CC-BY-SA-4.0
height 20
width 20

rows
3,1,1,2,3,2
2,1,2,1,1,3,2
1,1,1,2
3,1,3,5
4,1,4,1,1
2,1,1,4
2,3,3,5,1
3,3,3,1,2,1
1,3,2,1,1,1
4,1,1,1,1,1
2,1,1,3,1
5,1,5,1
1,4,2,3,2
1,2,1,3,2,2
2,1,4,2,1,1
1,2,2,3,1
1,1,3,2,1,1
1,2,1,1,1,1
1,1,3,1,3,2
1,1,1,3,1,2,2

columns
2,1,9,1,2
2,4,3,1
1,2,1,1,1,1,3
1,2,1,3,1,1
1,1,2,2,3
1,1,3,2,1,2
2,1,2,2,2,1
1,1,1,2,2,1,1
1,5,2,2
3,2,3,4
2,2,6,1
6,2,1,3
1,3,3,2
2,1,3,1
2,2,5,2
2,2,2,4,2
2,1,4,2,1,2
2,1,5
5,1,1,2
2,1,2,1,2,3

goal "1110100100011011101111010110100100111011000000100101000001100001110101110001111111110010111100010010011001001001111000001101110111001111100111101110111010011001100000111011010010101111010100010000100111010100000011100100111110010011111010001000111101101110110010110010011100110110110010001111001101010000100110110001110110101110011000010100001001100100101000011010000111001011101110010010111001011011"
