catalogue "generate.go with seed 242"
title "Random #242"
by "Michael Terry"
copyright "© 2015 Michael Terry"
license CC-BY-SA-4.0
height 20
width 20

rows
2,2,1,2,1,2
3,1,1,1,5
1,1,2,1,2
5,1,2,1,1,1,1
1,1,1,6,1,2
1,2,1,1,1,4
2,1,3,4,1
1,1,2,1,2,2,1
1,2,2,2,1,2
1,1,1,5,1,3
2,1,2,3,1
7,1,1,3
2,3,2,1,1
2,3,1,3,1
2,1,1,2,3
2,5,4,1
1,2,6,2
2,1,4,2
1,1,1,1,2,1,2
1,10,3,1

columns
1,1,5,2,2,1
2,2,1,2,1
2,1,1,1,1,1,3
4,1,1,1,1,1,1
1,1,1,1,2,2,1
1,1,4,2,2
2,1,4,3,2,1
1,1,5,8
1,1,1,1,1,1
1,3,1,1,1,1,2,1
4,2,4
1,1,1,1,3,1,2,1
1,3,1,1,2,5
2,1,5,1
3,4,1,2,1
3,1,2,3,1
1,5,3,1,1,2
2,1,1,1,2,1
3,1,3,1,1,2
2,2,3,3

goal "0110011001011001001111101010100000011111000000010101100101101111101011001010100101010001011111101011100110101010011110001101011101111000100010100011001001101101100110110001101000111010010111110010011100001101001100111010111111100100100111001100011100001100101000110011100101110100000011010100110111001101111100001111001010000011011111101100001100010111100000110010010100101100101110111111111100111001"
