catalogue "generate.go with seed 263"
title "Random #263"
by "Michael Terry"
copyright "© 2015 Michael Terry"
license CC-BY-SA-4.0
height 20
width 20

rows
1,2,2,3,2
1,5,1,1,1,2
5,4,1,1
2,2,1,1,1,1,2
1,1,6,1,2
1,4,1,1,1
1,2,1,1,1,3,1
1,1,1,1,1,2
1,1,1,1,3
1,3,2,2,1,1
4,2,4,1,1
3,1,3,1,3,2
1,1,1,4,1,4
2,2,1,1,2
2,1,2,2,1,1
5,1,1,1,1
2,1,1,2,1,1,1
1,3,2,1,2,2
1,1,3,1,1,1,2
1,1,4,1,1

columns
4,3,1
1,3,2,4,1
1,2,1,4,3
2,1,4,2,2
3,1,1,2,1,3
4,2,2,1,2
3,1,2,2,1
1,2,1,2,1,2
1,2,1,2,1,1
3,3,4,1,2
1,1,3,2,1
4,1,1,5
1,1,1,3,1,1
1,3,1,2,1,1,2
2,1,1,1
1,1,1,1,1,4
1,2,2,1,1
1,4,1,3,1
2,2,1,3,3
4,1,5,4

goal "0010011011000111011001011111010010100011001111101111010000010110110010010101001101000001011111101011010011110101000001001011010001000101110110001010000010101100101000100000010001111011100011001101000101111011011110000101011100101110101110111001010111100100111111001101000100000110110100001100110001010111110100010001000101101000101101010001101110000011010110110101011101010001011000000101011110001010"
