catalogue "generate.go with seed 211"
title "Random #211"
by "Michael Terry"
copyright "© 2015 Michael Terry"
license CC-BY-SA-4.0
height 20
width 20

rows
1,1,3,5,1
3,1,1,3,3,1
1,1,1,1,1,1,2,1
2,2,2,2,1,1,1
3,3,2,2,3
1,11,2,1
4,4,3,3
1,1,3,1,1,1
2,2,1,1,1,2
1,1,5,2,1,1
1,1,1,1,1,3,1
4,2,1,1,3
1,1,1,1,2,1,3
2,4,1,3
1,3,7,2
1,2,2,2,1,1,3
2,1,1,1,2,2,1
1,4,1,3
2,1,3,1,1,2
1,1,1,3,1,1

columns
2,3,2,1,4
1,2,1,1,3,1,1
2,3,2,1,1,1
1,1,3,1,2,2,1
5,1,2,2
1,2,2,3,2
1,2,1,1,3,1
2,1,3,2,4
1,5,3,2,2
2,3,2,2,5
3,2,2,1,1
1,1,1,2,2,6
1,1,4,2,3,1,1
1,1,1,1,1,2,1
2,1,1,2,1,1,1
3,1,1,1,1
4,3,2,1
1,1,2,8
2,6,5,3
1,1,3,1,1

goal "1001000111001111101011100101011100111010001010101010100110011101100110110010101011101110110011000111101111111111100110100111100111101110111010010111000010001010110011000101010001100001001011111011010110101000101011100001011110001101000101110101000101011010111001101111000010001110100011101111111001101011011011010100011111010001010110110100100000111101000001110011010111010100011001000101001110001010"
