catalogue "generate.go with seed 219"
title "Random #219"
by "Michael Terry"
copyright "© 2015 Michael Terry"
license CC-BY-SA-4.0
height 20
width 20

rows
1,2,2,1,4,2
2,1,1,3,1,1,1
1,2,1,2,3
2,2,2,1,1,4
1,3,2,1
1,1,4,3,5
1,1,1,2,3
1,2,1,2,1,1
1,1,1,1,7
3,3,2,1,2
1,1,1,2,9
1,4,3,3
3,1,2,1,1
4,1,4,1,1
2,1,4,2,2
4,2,1,2,2
1,3,1,1,1,2
2,1,2,1,2,1
3,1,1,2,2,3
4,1,1,1,1

columns
1,5,1,2
4,2,3,3
1,2,9
2,1,2,2,1,1
1,1,2,2
2,1,1,4,1,1
1,1,1,1
1,1,1,2,1,1,1,2
1,1,2,3,1,3
2,1,2,4,1
1,3,2,3,1
1,3,3,4
3,1,1,3,1,2
1,2,7,2,2
1,1,3,1,1,1,1
2,1,4,1,1,1
1,2,1,1,2,1
2,4,3,2
1,5,4,3,1
4,4,7

goal "0101101101011110001111010100111010010001010001100000101101111101100110100100111110000000011101100010101001111011101111101000000010010110111010001101000011010100001010010010011111110111000011101101001101010100110111111111001001111001110001110111010000110100010011110101111000001001011010000111100110110011110011010110001100100001110101010011011000001001101011011110010101101100011111110001000001010001"
