catalogue "generate.go with seed 267"
title "Random #267"
by "Michael Terry"
copyright "© 2015 Michael Terry"
license CC-BY-SA-4.0
height 20
width 20

rows
9,1,1
2,1,1,3,4
1,1,2,1,2,1
1,1,2,2
1,1,1,1,2,3
3,3,1,2,1
2,1,1,1,1,1
1,2,2,4,2,1
2,2,3,3
4,3,10
1,2,4,2
2,3,1,3,1
5,1,4,1
7,1,1,1,1
2,1,1,2,1,2,2
1,1,1,2,2
2,1,3,2,1,1
6,1,1,4,2
1,1,2,1,1,3,2
2,2,4

columns
3,1,4,1,2
2,2,2,2,1,1
1,1,2,1,1,4,3
1,1,1,2,2,2,1
5,4,3
1,1,1,5,3
1,1,3,3,1
2,4,1,2,3
1,1,2
1,1,1,1,1,1
1,7,3
1,1,1,4,3,1,2
1,1,2,4,1,1
2,1,3,1,1,1,3
3,2,1,6
3,1,3,2,3
2,1,1
2,2,2,1,2
2,1,5,2,2
1,5,3,1

goal "1111111110000100010011001001000111011110101011000010000110100000100001011011000010101001000001100111011100011101001101001100010100101000000110110011001111011001110000000011011101111111011100111111111100010110011110000011011011100010111000100111110101111000001000111111100101010100011010101101001100111000001000100110001100011001011100110101111111010010111101101010110100010111001100110110000111100000"
