catalogue "generate.go with seed 246"
title "Random #246"
by "Michael Terry"
copyright "© 2015 Michael Terry"
license CC-BY-SA-4.0
height 20
width 20

rows
2,1,3,1,2
1,3,2,1,1,1,1
1,1,1,2,1,1,3
2,3,1,1,5,1
2,1,1,2,2,1
1,1,4,1,4
1,2,2,1,4,1
1,4,4,2
1,1,3,1,4
1,1,1,1,3,1
2,2,3,2
4,6,1,1
1,4,2
4,4,3,2
2,4,1,1,2,1
3,4,4,1,1
1,2,1,2,5
1,1,2,2,2,1,2
2,2,6,2
2,1,2,2,3,1

columns
1,1,1,1,1,1,1,3
3,1,1,5,2
1,2,3,1,1
3,3,1,1,1,1
2,1,2,3,1
2,1,2,1,3
1,2,1,1,3,2
1,1,2,1,4,1
2,3,6,1,1
2,1,1,4,2,1
1,1,1,1,2,1,4
1,1,1,3,1,3
5,1,1,1,1,1
6,1,1,1,2
3,3,1,1,2,3
1,5,1,1,1,1
3,4,1,4
3,4,4,1
1,3,3,1,2
2,3,1,4,1

goal "0000110100111001011010011100110010100101010100101100101001111101110100101111101001100010100011011010100100111101011110000101100110101111001010011110000001111011010001001110010011111001000010010001110101100000110011101100111100111111000001010100000011110011000011110011110111000110011011110010001011010011101111011110010110001101011000011111101001100011011010111100011001111110110001101001101100111001"
