catalogue "generate.go with seed 215"
title "Random #215"
by "Michael Terry"
copyright "© 2015 Michael Terry"
license CC-BY-SA-4.0
height 20
width 20

rows
1,1,1,1,1,1
2,2,4
3,1,2,4
4,1,7
3,3,7,1
2,3,3,1
2,3,3,2,1,1
1,1,1,1,1,1,1,1
1,2,2,1,3
2,1,1,2,4,2
1,1,2,2,1,1,1
1,5,3,3
2,1,2,1,3
3,1,2,1,1,1,2
1,1,1,2,3,1
2,3,1,2,2,2
1,2,1,1,1
1,3,2,1,4
1,2,1,2,1,1,1,1
2,3,1,1,2

columns
4,4,2
2,5,3,1
1,1,1,2,1
1,5,1,1,3
7,1,2,1,1
2,2,2,1,1,3
1,2,1,2,1,1
1,1,1,3,2,1
2,3,1,6
1,1,3,2,1
2,3,1,1
2,1,7,2
7,1,2,1
2,3,3,1
2,4,4,1
3,2,3
5,2,1,2,1
3,1,3,1,3
5,1,2,3,2,1
1,1,1,2,1

goal "0001001010001000101000000000110110001111000111010001100111100001111001001111111000111011101111111010110111001110100000001101110111011010001010101010010100100001100011000011001011100110010100110111101101010011001101010100010011111001110011101101000000110010011111100010110010101011101010001100111010001100111010110110011001000001100101000010010111011000101111001011010011000101010111011101000000010110"
